,,Enum Category,,OBErrorResponseError1Code,,,,,,,,,,,,
Code Set,Code Value,Code Name,Code Definition,HTTP Status Category,Description,,,,,,,,,,,
OBExternalStatusReason1Code,U001,UK.OBIE.Field.Expected,Field is expected,400,"For the scenario, when a field-value is not provided in the payload, that is expected in combination with preceding field-value pairs.
The corresponding path must be populated with the path of the unexpected field.
E.g. ExchangeRate must be specified with Agreed RateType. ExchangeRate should be specified in the path element. InstructionPriority must be specified with Agreed RateType. InstructionPriority should be specified in the path element.
",,,,,,,,,,,
OBExternalStatusReason1Code,U002,UK.OBIE.Field.Invalid,Field is invalid,400,"An invalid value is supplied in one of the fields, or the length of value supplied is larger than the corresponding maximum field length in ASPSP's domain. Reference of the invalid field should be provided in the path field, and the URL field may have the link to a website explaining the valid behaviour. The error message should describe the problem in detail.",,,,,,,,,,,
OBExternalStatusReason1Code,U003,UK.OBIE.Field.InvalidDate,Field has a invalid date,400,"An invalid date is supplied e.g. when a future date is expected, a date in past or current date is supplied. The message can specify the actual problem with the date. The reference of the invalid field should be provided in the path field, and URL field may have the link to a website explaining the valid behaviour",,,,,,,,,,,
OBExternalStatusReason1Code,U004,UK.OBIE.Field.Missing,A required field is missing,400,"A mandatory field, required for the API, is missing from the payload. This error code can be used, if it is not already captured under the validation for U010 (UK.OBIE.Resource.InvalidFormat)
Reference of the missing field should be provided in the path field, and URL field may have the link to a website explaining the valid behaviour",,,,,,,,,,,
OBExternalStatusReason1Code,U005,UK.OBIE.Field.Unexpected,A value is provided when not required,400,"For the scenario, when a field-value is provided in the payload, that is not expected in combination with preceding field-value pairs. E.g.
ContractIdentification must not be specified with [Actual/Indicative] RateType.
ContractIdentification should be specified in the path element ExchangeRate must not be specified with [Actual/Indicative] RateType.
ExchangeRate should be specified in the path element.
InstructionPriority must not be specified with LocalInstrument. InstructionPriority should be specified in the path element.",,,,,,,,,,,
OBExternalStatusReason1Code,U006,UK.OBIE.Header.Invalid,Header is invalid,400,An invalid value is supplied in the HTTP header. The HTTP Header should be specified in the path element.,,,,,,,,,,,
OBExternalStatusReason1Code,U007,UK.OBIE.Header.Missing,Header is missing,400,A required HTTP header has not been provided. The HTTP Header should be specified in the path element.,,,,,,,,,,,
OBExternalStatusReason1Code,U008,UK.OBIE.Resource.ConsentMismatch,Mismatch between staged consent and payment order request,400,"{payment-order-consent} and {payment-order} resource mismatch. For example, if an element in the resource’s Initiation or Risk section does not match the consent section. The path element should be populated with the field of the resource that does not match the consent.",,,,,,,,,,,
OBExternalStatusReason1Code,U009,UK.OBIE.Resource.InvalidConsentStatus,Unexpected consent status ,400,"The resource’s associated consent is not in a status that would allow the resource to be created, or a request to be executed.
E.g., if a consent resource had a status of AWAU (AwaitingAuthorisation) or RJCT(Rejected), a resource could not be created against this consent.
The path element should be populated with the field in the consent resource that is invalid.",,,,,,,,,,,
OBExternalStatusReason1Code,U010,UK.OBIE.Resource.InvalidFormat,Invalid schema,400,"When the Payload schema does not match to the endpoint, e.g., /domestic-payments endpoint is called with a JSON Payload, which cannot be parsed into a class such as OBWriteDomestic1",,,,,,,,,,,
OBExternalStatusReason1Code,U011,UK.OBIE.Resource.NotFound,Resource cannot be found,400,Returned when a resource with the specified Id does not exist (and hence could not be operated upon).,,,,,,,,,,,
OBExternalStatusReason1Code,U012,UK.OBIE.Rules.AfterCutOffDateTime,Payment received after cutoff date and time,400,{payment-order} consent / resource received after CutOffDateTime,,,,,,,,,,,
OBExternalStatusReason1Code,U013,UK.OBIE.Rules.DuplicateReference,Reference found is duplicate,400,A duplicate reference has been used for a CBPII confirmation of funds request.,,,,,,,,,,,
OBExternalStatusReason1Code,U014,UK.OBIE.Rules.FailsControlParameters,Payment outside control parameters,400,A payment breaches a limitation set by one or more ControlParameters.,,,,,,,,,,,
OBExternalStatusReason1Code,U015,UK.OBIE.Signature.Invalid,Invalid signature,400,"The signature header x-jws-signature was parsed and has a valid JOSE header that complies with the specification. However, the signature itself could not be verified.",,,,,,,,,,,
OBExternalStatusReason1Code,U016,UK.OBIE.Signature.InvalidClaim,Invalid claim in a signature,400,The JOSE header in the x-jws-signature has one or more claims with an invalid value. (e.g. a kid that does not resolve to a valid certificate). The name of the missing claim should be specified in the path field of the error response.,,,,,,,,,,,
OBExternalStatusReason1Code,U017,UK.OBIE.Signature.MissingClaim,Invalid or missing claim in a signature,400,The JOSE header in the x-jws-signature has one or more mandatory claim(s) that are not specified. The name of the missing claim(s) should be specified in the path field of the error response.,,,,,,,,,,,
OBExternalStatusReason1Code,U018,UK.OBIE.Signature.Malformed,Signature is malformed,400,The x-jws-signature in the request header was malformed and could not be parsed as a valid JWS.,,,,,,,,,,,
OBExternalStatusReason1Code,U019,UK.OBIE.Signature.Missing,Missing information related to signature,400,"The API request expected an x-jws-signature in the header, but it was missing.",,,,,,,,,,,
OBExternalStatusReason1Code,U020,UK.OBIE.Signature.Unexpected,Signature was not expected in header but was provided,400,"The API request was not expecting to receive an x-jws-signature in the header, but the TPP made a request that included an x-jws-signature.",,,,,,,,,,,
OBExternalStatusReason1Code,U021,UK.OBIE.Unsupported.AccountIdentifier,Unsupported account identified has been provided,400,"The account identifier is unsupported for the given scheme.
The path element should be populated with the path of the AccountIdentifier.",,,,,,,,,,,
OBExternalStatusReason1Code,U022,UK.OBIE.Unsupported.AccountSecondaryIdentifier,Unsupported secondary account identified has been provided,400,"The account secondary identifier is unsupported for the given scheme.
The path element should be populated with the path of the AccountSecondaryIdentifier.",,,,,,,,,,,
OBExternalStatusReason1Code,U023,UK.OBIE.Unsupported.Currency,Unsupported currency is provided. Also use U002 (UK.OBIE.Field.Invalid) or provide path.,400,"The currency is not supported. Use U002 (UK.OBIE.Field.Invalid) for invalid Currency.
The path element should be populated with the path of the Currency.
The URL should be populated with a link to ASPSP documentation listing out the supported currencies.",,,,,,,,,,,
OBExternalStatusReason1Code,U024,UK.OBIE.Unsupported.EventType,Unsupported event type,400,"Event Type is not supported.
The path element should be populated with the path of the EventType.
The URL should be populated with a link to ASPSP documentation listing out the supported Event Types.",,,,,,,,,,,
OBExternalStatusReason1Code,U025,UK.OBIE.Unsupported.Frequency,Unsupported frequency,400,"Frequency is not supported.
The path element should be populated with the path of the Frequency.
The URL should be populated with a link to ASPSP documentation listing out the supported frequencies.",,,,,,,,,,,
OBExternalStatusReason1Code,U026,UK.OBIE.Unsupported.LocalInstrument,Unsupported localInstrument,400,"LocalInstrument is not supported by the ASPSP.
The path element should be populated with the path of the LocalInstrument.
The URL should be populated with a link to ASPSP documentation listing out the supported local instruments.",,,,,,,,,,,
OBExternalStatusReason1Code,U027,UK.OBIE.Unsupported.Scheme,Unsupported scheme,400,Identification scheme is not supported. The path element should be populated with the path of the scheme. The URL should be populated with a link to ASPSP documentation listing out the supported schemes.,,,,,,,,,,,
OBExternalStatusReason1Code,U028,UK.OBIE.Reauthenticate,Reauthentication is required by PSU,403,The ASPSP must use this error code in Error Response to indicate that re-authentication by the PSU is required to process the request.,,,,,,,,,,,
OBExternalStatusReason1Code,U029,UK.OBIE.Rules.ResourceAlreadyExists,Duplicate resource submitted,409,"The ASPSP must use this error code in Error Response, to indicate that a resource with same parameters already exists, or in a state that doesn't allow requested operation.",,,,,,,,,,,
OBExternalStatusReason1Code,U000,UK.OBIE.UnexpectedError,Can use this in conjunction with NARR code to specific the specific unexpected error,5xx,"An error code that can be used, when an unexpected error occurs.
The ASPSP must populate the message with a meaningful error description, without revealing sensitive information.",,,,,,,,,,,
OBInternalAccountType1Code,Personal,Personal,Specifies that the type of account is personal.,,,,,,,,,,,,,
OBInternalAccountType1Code,Business,Business,Specifies that the type of account is business.,,,,,,,,,,,,,
OBInternalConsentStatus1Code,AWAU,Awaiting Authorisation,The consent resource is awaiting PSU authorisation.,,,,,,,,,,,,,
OBInternalConsentStatus1Code,RJCT,Rejected,The consent resource has been rejected.,,,,,,,,,,,,,
OBInternalConsentStatus1Code,AUTH,Authorised,The consent resource has been successfully authorised.,,,,,,,,,,,,,
OBInternalConsentStatus1Code,CANC,Cancelled,The access has been cancelled at the ASPSP by either the PSU or the ASPSP.,,,,,,,,,,,,,
OBInternalConsentStatus1Code,EXPD,Expired,The consent resource has been marked as expired after expiry of validaty date.,,,,,,,,,,,,,
OBInternalConsentStatus1Code,COND,Consumed,The consent resource has been consumed after payment request is submitted by the PISP.,,,,,,,,,,,,,
OBInternalConsentStatus1Code,AWUP,AwaitingUpload,The consent resource is expecting a file to be uploaded.,,,,,,,,,,,,,
ExternalPaymentTransactionStatus1Code,INFA,InitiationFailed,Standing order has been setup successfully but the individual payment has failed ,,,,,,,,,,,,,
ExternalPaymentTransactionStatus1Code,INCO,InitiationCompleted,Standing order has been setup successfully and the individual payment has been successfully completed. ,,,,,,,,,,,,,
ExternalPaymentGroupStatus1Code,ACCP,AcceptedCustomerProfile,Preceding check of technical validation was successful. Customer profile check was also successful.,,,,,,,,,,,,,
ExternalPaymentGroupStatus1Code,ACCC,AcceptedSettlementCompletedCreditorAccount,Settlement on the creditor's account has been completed.,,,,,,,,,,,,,
ExternalPaymentGroupStatus1Code,ACSC,AcceptedSettlementCompletedDebitorAccount,"Settlement on the debtor's account has been completed.
Usage : this can be used by the first agent to report to the debtor that the transaction has been completed. 
Warning : this status is provided for transaction status reasons, not for financial information. It can only be used after bilateral agreement
",,,,,,,,,,,,,
ExternalPaymentGroupStatus1Code,ACSP,AcceptedSettlementInProcess,All preceding checks such as technical validation and customer profile were successful and therefore the payment initiation has been accepted for execution.,,,,,,,,,,,,,
ExternalPaymentGroupStatus1Code,ACTC,AcceptedTechnicalValidation,Authentication and syntactical and semantical validation are successful,,,,,,,,,,,,,
ExternalPaymentGroupStatus1Code,ACWC,AcceptedWithChange,"Instruction is accepted but a change will be made, such as date or remittance not sent.",,,,,,,,,,,,,
ExternalPaymentGroupStatus1Code,PART,PartiallyAccepted,"A number of transactions have been accepted, whereas another number of transactions have not yet achieved
'accepted' status.",,,,,,,,,,,,,
ExternalPaymentGroupStatus1Code,PDNG,Pending,Payment initiation or individual transaction included in the payment initiation is pending. Further checks and status update will be performed.,,,,,,,,,,,,,
ExternalPaymentGroupStatus1Code,RCVD,Received,Payment initiation has been received by the receiving agent,,,,,,,,,,,,,
ExternalPaymentGroupStatus1Code,RJCT,Rejected,Payment initiation or individual transaction included in the payment initiation has been rejected.,,,,,,,,,,,,,
ExternalPaymentGroupStatus1Code,INFA,InitiationFailed,FilePayment initiation has failed in part of full.,,,,,,,,,,,,,
ExternalPaymentGroupStatus1Code,INCO,InitiationCompleted,FilePayment initiation has been successfully completed but refer to individual transactions for individual status. ,,,,,,,,,,,,,
OBExternalStatusReason1Code,0080,Expected within unspecified period but within PSD guidelines,,,,,,,,,,,,,,
OBExternalStatusReason1Code,0081,Expected on same day,,,,,,,,,,,,,,
OBExternalStatusReason1Code,0082,Expected on next Calendar Day,,,,,,,,,,,,,,
OBExternalStatusReason1Code,0083,Expected on next Working Day,,,,,,,,,,,,,,
OBExternalStatusReason1Code,0084,Expected after next working day but within PSD guidelines,,,,,,,,,,,,,,
OBExternalStatusReason1Code,1181,Duplicate Payment (FPID). Resubmitting with change,,,,,,,,,,,,,,
OBExternalStatusReason1Code,0000,Credited to beneficiary account,,,,,,,,,,,,,,
OBExternalStatusReason1Code,U030,Payment order successfully received,,,,,,,,,,,,,,
OBExternalStatusReason1Code,U031,All checks yet to start,,,,,,,,,,,,,,
OBExternalStatusReason1Code,U032,Customer profile checks completed,,,,,,,,,,,,,,
OBExternalStatusReason1Code,U033,Authorisation failed,,,,,,,,,,,,,,
OBExternalStatusReason1Code,U034,Debit to Debtor's account completed. Sent to next agent/scheme,,,,,,,,,,,,,,
OBExternalStatusReason1Code,U035,Consent already consumed,,,,,,,,,,,,,,
OBExternalStatusReason1Code,U036,Authorisation not completed,,,,,,,,,,,,,,
OBExternalStatusReason1Code,U037,Authorisation failed,,,,,,,,,,,,,,
OBExternalStatusReason1Code,U038,Consent consumed successfully,,,,,,,,,,,,,,
OBExternalStatusReason1Code,U039,Reinstate not allowed any more.,,,,,,,,,,,,,,
OBExternalStatusReason1Code,U040,Awaiting multiple authentication,,,,,,,,,,,,,,
OBExternalStatusReason1Code,U041,UK.OBIE.ExemptionNotApplied,Reason when exemption could not applied for the status of a VRP.,,,,,,,,,,,,,
OBExternalStatusReason1Code,U042,UK.OBIE.OtherReason,Use U042(UK.OBIE.OtherReason) only in scenarios where the actual reason cannot be determined or disclosed.,,,,,,,,,,,,,
ExternalPaymentTransactionStatus1Code,ACCC,AcceptedSettlementCompletedCreditorAccount,Settlement on the creditor's account has been completed.,,,,,,,,,,,,,
ExternalPaymentTransactionStatus1Code,ACCP,AcceptedCustomerProfile,Preceding check of technical validation was successful. Customer profile check was also successful.,,,,,,,,,,,,,
ExternalPaymentTransactionStatus1Code,ACFC,AcceptedFundsChecked,Preceding check of technical validation and customer profile was successful and an automatic funds check was positive.,,,,,,,,,,,,,
ExternalPaymentTransactionStatus1Code,ACSC,AcceptedSettlementCompletedDebitorAccount,"Settlement completed.
Usage : this can be used by a Market Infrastructure reporting to Infrastructure Participant or an Account Servicer to Account Owner to report that the transaction account entry has been completed.
Warning : this status is provided for transaction status reasons, not for financial information. It can only be used after bilateral agreement
",,,,,,,,,,,,,
ExternalPaymentTransactionStatus1Code,ACSP,AcceptedSettlementInProcess,All preceding checks such as technical validation and customer profile were successful and therefore the payment instruction has been accepted for execution.,,,,,,,,,,,,,
ExternalPaymentTransactionStatus1Code,ACTC,AcceptedTechnicalValidation,Authentication and syntactical and semantical validation are successful,,,,,,,,,,,,,
ExternalPaymentTransactionStatus1Code,ACWC,AcceptedWithChange,"Instruction is accepted but a change will be made, such as date or remittance not sent.",,,,,,,,,,,,,
ExternalPaymentTransactionStatus1Code,ACWP,AcceptedWithoutPosting,Payment instruction included in the credit transfer is accepted without being posted to the creditor customer’s account.,,,,,,,,,,,,,
ExternalPaymentTransactionStatus1Code,BLCK,Blocked,"Payment transaction previously reported with status 'ACWP' is blocked, for example, funds will neither be posted to the Creditor's account, nor be returned to the Debtor.",,,,,,,,,,,,,
ExternalPaymentTransactionStatus1Code,CANC,Cancelled,"Payment initiation has been successfully cancelled after having received a request for cancellation.
Usage: code to be used in the context of APIs only.",,,,,,,,,,,,,
ExternalPaymentTransactionStatus1Code,PATC,PartiallyAcceptedTechnicalCorrect,"Payment initiation needs multiple authentications, where some but not yet all have been performed. Syntactical and semantical validations are successful.",,,,,,,,,,,,,
ExternalPaymentTransactionStatus1Code,PDNG,Pending,Payment instruction is pending. Further checks and status update will be performed.,,,,,,,,,,,,,
ExternalPaymentTransactionStatus1Code,RCVD,Received,Payment instruction has been received.,,,,,,,,,,,,,
ExternalPaymentTransactionStatus1Code,RJCT,Rejected,Payment instruction has been rejected.,,,,,,,,,,,,,
OBAddressType2Code,BIZZ,Business,Address is the business address,,,,,,,,,,,,,
OBAddressType2Code,DLVY,Delivery,Address is the address to which delivery is to take place.,,,,,,,,,,,,,
OBAddressType2Code,MLTO,Mail To,Address is the address to which mail is sent.,,,,,,,,,,,,,
OBAddressType2Code,PBOX,PO Box,Address is a postal office (PO) box.,,,,,,,,,,,,,
OBAddressType2Code,ADDR,Postal,Address is the complete postal address.,,,,,,,,,,,,,
OBAddressType2Code,HOME,Residential,Address is the home address.,,,,,,,,,,,,,
OBAddressType2Code,CORR,Correspondence,Address is the address where the correspondence is sent.,,,,,,,,,,,,,
OBAddressType2Code,STAT,Statement,Address is the address where statements are sent.,,,,,,,,,,,,,
OBFrequency2Code,YEAR,Annual,Event takes place every year or once a year.,,,,,,,,,,,,,
OBFrequency2Code,DAIL,Daily,Event takes place every day.,,,,,,,,,,,,,
OBFrequency2Code,INDA,Intra-day,Event takes place several times a day.,,,,,,,,,,,,,
OBFrequency2Code,MNTH,Monthly,Event takes place every month or once a month.,,,,,,,,,,,,,
OBFrequency2Code,QURT,Quarterly,Event takes place every three months or four times a year.,,,,,,,,,,,,,
OBFrequency2Code,MIAN,Semi-annual,Event takes place every six months or two times a year.,,,,,,,,,,,,,
OBFrequency2Code,TEND,Ten days,Event takes place every ten business days.,,,,,,,,,,,,,
OBFrequency2Code,MOVE,Triggered by Movement,"Event takes place at the end of the day if there was a movement on the account, otherwise nothing is sent that day.",,,,,,,,,,,,,
OBFrequency2Code,WEEK,Weekly,Event takes place once a week.,,,,,,,,,,,,,
OBExternalOfferType1Code,BalanceTransfer,BalanceTransfer,Offer is a balance transfer.,,,,,,,,,,,,,
OBExternalOfferType1Code,LimitIncrease,LimitIncrease,Offer is a limit increase.,,,,,,,,,,,,,
OBExternalOfferType1Code,MoneyTransfer,MoneyTransfer,Offer is a money transfer.,,,,,,,,,,,,,
OBExternalOfferType1Code,Other,Other,Offer is of an other type.,,,,,,,,,,,,,
OBExternalOfferType1Code,PromotionalRate,PromotionalRate,Offer is a promotional rate.,,,,,,,,,,,,,
OBExternalCommunicationMethod2Code ,EMAL,Email ,,,,,,,,,,,,,,
OBExternalCommunicationMethod2Code ,FAXI,Fax ,,,,,,,,,,,,,,
OBExternalCommunicationMethod2Code ,FILE,File,,,,,,,,,,,,,,
OBExternalCommunicationMethod2Code ,ONLI,Online ,,,,,,,,,,,,,,
OBExternalCommunicationMethod2Code ,POST,Postal Service ,,,,,,,,,,,,,,
OBExternalDocumentFormat1Code,DPDF,PDF,Document format is PDF.,,,,,,,,,,,,,
OBExternalDocumentFormat1Code,DXML,XML,Document format is XML.,,,,,,,,,,,,,
OBExternalDocumentFormat1Code,SDSH,Spreadsheet,Document format is a spreadsheet.,,,,,,,,,,,,,
OBExternalDocumentFormat1Code,WORD,Word,Document format is Word.,,,,,,,,,,,,,
OBExternalDocumentFormat1Code,XSLT,XSLT,Document format is XSLT.,,,,,,,,,,,,,
OBInternalPaymentContext1Code,BillingGoodsAndServicesInAdvance,"Specifies the payment context	",,,,,,,,,,,,,,
OBInternalPaymentContext1Code,BillingGoodsAndServicesInArrears,"Specifies the payment context	",,,,,,,,,,,,,,
OBInternalPaymentContext1Code,EcommerceMerchantInitiatedPayment,"Specifies the payment context	",,,,,,,,,,,,,,
OBInternalPaymentContext1Code,FaceToFacePointOfSale,"Specifies the payment context	",,,,,,,,,,,,,,
OBInternalPaymentContext1Code,TransferToSelf,"Specifies the payment context	",,,,,,,,,,,,,,
OBInternalPaymentContext1Code,TransferToThirdParty,"Specifies the payment context	",,,,,,,,,,,,,,
OBInternalStatus2Code,AWAF,Awaiting Further Authorisation,The multiple authorisation flow is awaiting further authorisation.,,Old OBExternalStatus2Code,,,,,,,,,,,
OBInternalStatus2Code,RJCT,Rejected,The multiple authorisation flow has been rejected.,,Old OBExternalStatus2Code,,,,,,,,,,,
OBInternalStatus2Code,AUTH,Authorised,The multiple authorisation flow has been fully authorised.,,Old OBExternalStatus2Code,,,,,,,,,,,
OBInternalPaymentContext1Code,Other,The context of the payment initiation is of an other type.,,,,,,,,,,,,,,
OBExternalAuthorisation1Code,Multiple,Multiple authorisation type is requested.,,,,,,,,,,,,,,
OBExternalStatus3Code,Cancelled,Payment initiation has been successfully cancelled after having received a request for cancellation.,,,,,,,,,,,,,,
OBFrequency6Code,ADHO,Adhoc,Event takes place on request or as necessary.,,,,,,,,,,,,,
OBFrequency6Code,YEAR,Annual,Event takes place every year or once a year.,,,,,,,,,,,,,
OBFrequency6Code,DAIL,Daily,Event takes place every day.,,,,,,,,,,,,,
OBFrequency6Code,FRTN,Fortnightly,Event takes place every two weeks.,,,,,,,,,,,,,
OBFrequency6Code,INDA,Intra Day,Event takes place several times a day.,,,,,,,,,,,,,
OBFrequency6Code,MNTH,Monthly,Event takes place every month or once a month.,,,,,,,,,,,,,
OBFrequency6Code,QURT,Quarterly,Event takes place every three months or four times a year.,,,,,,,,,,,,,
OBFrequency6Code,MIAN,Semi Annual,Event takes place every six months or two times a year.,,,,,,,,,,,,,
OBFrequency6Code,WEEK,Weekly,Event takes place once a week.,,,,,,,,,,,,,
OBExternalCashAccountType1Code,CACC,Current,Account used to post debits and credits when no specific account has been nominated.,,,,,,,,,,,,,
OBExternalCashAccountType1Code,CARD,CardAccount,Account used for credit card payments.,,,,,,,,,,,,,
OBExternalCashAccountType1Code,CASH,CashPayment,Account used for the payment of cash.,,,,,,,,,,,,,
OBExternalCashAccountType1Code,CHAR,Charges,"Account used for charges if different from the account for
payment.",,,,,,,,,,,,,
OBExternalCashAccountType1Code,CISH,CashIncome,Account used for payment of income if different from the current cash account,,,,,,,,,,,,,
OBExternalCashAccountType1Code,COMM,Commission,"Account used for commission if different from the account
for payment.",,,,,,,,,,,,,
OBExternalCashAccountType1Code,CPAC,ClearingParticipantSettlementAccount,Account used to post settlement debit and credit entries on behalf of a designated Clearing Participant.,,,,,,,,,,,,,
OBExternalCashAccountType1Code,LLSV,LimitedLiquiditySavingsAccount,Account used for savings with special interest and withdrawal terms.  ,,,,,,,,,,,,,
OBExternalCashAccountType1Code,LOAN,Loan,Account used for loans.,,,,,,,,,,,,,
OBExternalCashAccountType1Code,MGLD,MarginalLending,Account used for a marginal lending facility.,,,,,,,,,,,,,
OBExternalCashAccountType1Code,MOMA,MoneyMarket,"Account used for money markets if different from the cash
account.",,,,,,,,,,,,,
OBExternalCashAccountType1Code,NREX,NonResidentExternal,Account used for non-resident external.,,,,,,,,,,,,,
OBExternalCashAccountType1Code,ODFT,Overdraft,Account is used for overdrafts.,,,,,,,,,,,,,
OBExternalCashAccountType1Code,ONDP,OverNightDeposit,Account used for overnight deposits.,,,,,,,,,,,,,
OBExternalCashAccountType1Code,OTHR,OtherAccount,Account not otherwise specified. ,,,,,,,,,,,,,
OBExternalCashAccountType1Code,SACC,Settlement,"Account used to post debit and credit entries, as a result of transactions cleared and settled through a specific clearing and settlement system.",,,,,,,,,,,,,
OBExternalCashAccountType1Code,SLRY,Salary,Accounts used for salary payments.,,,,,,,,,,,,,
OBExternalCashAccountType1Code,SVGS,Savings,Account used for savings.,,,,,,,,,,,,,
OBExternalCashAccountType1Code,TAXE,Tax,"Account used for taxes if different from the account for
payment.",,,,,,,,,,,,,
OBExternalCashAccountType1Code,TRAN,TransactingAccount,A transacting account is the most basic type of bank account that you can get. The main difference between transaction and cheque accounts is that you usually do not get a cheque book with your transacting account and neither are you offered an overdraft facility.,,,,,,,,,,,,,
OBExternalCashAccountType1Code,TRAS,CashTrading,"Account used for trading if different from the current cash
account.",,,,,,,,,,,,,
OBExternalCashAccountType1Code,VACC,VirtualAccount,Account created virtually to facilitate collection and reconciliation.,,,,,,,,,,,,,
OBExternalCashAccountType1Code,NFCA,NonResidentForeignCurrencyAccount,Non-Resident Individual / Entity Foreign Current held domestically.,,,,,,,,,,,,,
OBExternalCashAccountType1Code,MORT,Mortgage Account,Account is used for mortgage account,,,,,,,,,,,,,
OBExternalCashAccountType1Code,WALT,Wallet,Account is a virtual wallet.,,,,,,,,,,,,,
OBExternalStatusReason1Code,AB01,AbortedClearingTimeout,Clearing process aborted due to timeout.   ,,,,,,,,,,,,,
OBExternalStatusReason1Code,AB02,AbortedClearingFatalError,Clearing process aborted due to a fatal error.   ,,,,,,,,,,,,,
OBExternalStatusReason1Code,AB03,AbortedSettlementTimeout,Settlement aborted due to timeout.   ,,,,,,,,,,,,,
OBExternalStatusReason1Code,AB04,AbortedSettlementFatalError,Settlement process aborted due to a fatal error.   ,,,,,,,,,,,,,
OBExternalStatusReason1Code,AB05,TimeoutCreditorAgent,Transaction stopped due to timeout at the Creditor Agent.,,,,,,,,,,,,,
OBExternalStatusReason1Code,AB06,TimeoutInstructedAgent,Transaction stopped due to timeout at the Instructed Agent.,,,,,,,,,,,,,
OBExternalStatusReason1Code,AB07,OfflineAgent,"Agent of message is not online.
Generic usage if it cannot be determined who exactly is not online.",,,,,,,,,,,,,
OBExternalStatusReason1Code,AB08,OfflineCreditorAgent,Creditor Agent is not online.,,,,,,,,,,,,,
OBExternalStatusReason1Code,AB09,ErrorCreditorAgent,Transaction stopped due to error at the Creditor Agent.,,,,,,,,,,,,,
OBExternalStatusReason1Code,AB10,ErrorInstructedAgent,Transaction stopped due to error at the Instructed Agent.,,,,,,,,,,,,,
OBExternalStatusReason1Code,AB11,TimeoutDebtorAgent,Transaction stopped due to timeout at the Debtor Agent.,,,,,,,,,,,,,
OBExternalStatusReason1Code,AC01,IncorrectAccountNumber,"Account number is invalid or missing.   
",,,,,,,,,,,,,
OBExternalStatusReason1Code,AC02,InvalidDebtorAccountNumber,Debtor account number invalid or missing,,,,,,,,,,,,,
OBExternalStatusReason1Code,AC03,InvalidCreditorAccountNumber,Creditor account number invalid or missing,,,,,,,,,,,,,
OBExternalStatusReason1Code,AC04,ClosedAccountNumber,Account number specified has been closed on the bank of account's books. ,,,,,,,,,,,,,
OBExternalStatusReason1Code,AC05,ClosedDebtorAccountNumber,Debtor account number closed,,,,,,,,,,,,,
OBExternalStatusReason1Code,AC06,BlockedAccount,"Account specified is blocked, prohibiting posting of transactions against it.",,,,,,,,,,,,,
OBExternalStatusReason1Code,AC07,ClosedCreditorAccountNumber,Creditor account number closed,,,,,,,,,,,,,
OBExternalStatusReason1Code,AC08,InvalidBranchCode,Branch code is invalid or missing,,,,,,,,,,,,,
OBExternalStatusReason1Code,AC09,InvalidAccountCurrency,Account currency is invalid or missing,,,,,,,,,,,,,
OBExternalStatusReason1Code,AC10,InvalidDebtorAccountCurrency,Debtor account currency is invalid or missing,,,,,,,,,,,,,
OBExternalStatusReason1Code,AC11,InvalidCreditorAccountCurrency,Creditor account currency is invalid or missing,,,,,,,,,,,,,
OBExternalStatusReason1Code,AC12,InvalidAccountType,"Account type missing or invalid.
Generic usage if cannot specify between group and payment information levels",,,,,,,,,,,,,
OBExternalStatusReason1Code,AC13,InvalidDebtorAccountType,Debtor account type missing or invalid,,,,,,,,,,,,,
OBExternalStatusReason1Code,AC14,InvalidCreditorAccountType,Creditor account type missing or invalid,,,,,,,,,,,,,
OBExternalStatusReason1Code,AC15,AccountDetailsChanged,The account details for the counterparty have changed.,,,,,,,,,,,,,
OBExternalStatusReason1Code,AC16,CardNumberInvalid,Credit or debit card number is invalid.,,,,,,,,,,,,,
OBExternalStatusReason1Code,AG01,TransactionForbidden,Transaction forbidden on this type of account (formerly NoAgreement),,,,,,,,,,,,,
OBExternalStatusReason1Code,AG02,InvalidBankOperationCode,Bank Operation code specified in the message is not valid for receiver,,,,,,,,,,,,,
OBExternalStatusReason1Code,AG03,TransactionNotSupported,Transaction type not supported/authorized on this account ,,,,,,,,,,,,,
OBExternalStatusReason1Code,AG04,InvalidAgentCountry,"Agent country code is missing or invalid.
Generic usage if cannot specify between group and payment information levels.",,,,,,,,,,,,,
OBExternalStatusReason1Code,AG05,InvalidDebtorAgentCountry,Debtor agent country code is missing or invalid,,,,,,,,,,,,,
OBExternalStatusReason1Code,AG06,InvalidCreditorAgentCountry,Creditor agent country code is missing or invalid,,,,,,,,,,,,,
OBExternalStatusReason1Code,AG07,UnsuccesfulDirectDebit,"Debtor account cannot be debited for a generic reason.
Code value may be used in general purposes and as a replacement for AM04 if debtor bank does not reveal its customer's insufficient funds for privacy reasons",,,,,,,,,,,,,
OBExternalStatusReason1Code,AG08,InvalidAccessRights,Transaction failed due to invalid or missing user or access right,,,,,,,,,,,,,
OBExternalStatusReason1Code,AG09,PaymentNotReceived,Original payment never received.,,,,,,,,,,,,,
OBExternalStatusReason1Code,AG10,AgentSuspended,"Agent of message is suspended from the Real Time Payment system.
Generic usage if it cannot be determined who exactly is suspended.",,,,,,,,,,,,,
OBExternalStatusReason1Code,AG11,CreditorAgentSuspended,Creditor Agent of message is suspended from the Real Time Payment system.,,,,,,,,,,,,,
OBExternalStatusReason1Code,AG12,NotAllowedBookTransfer,Payment orders made by transferring funds from one account to another at the same financial institution (bank or payment institution) are not allowed.,,,,,,,,,,,,,
OBExternalStatusReason1Code,AG13,ForbiddenReturnPayment,Returned payments derived from previously returned transactions are not allowed.,,,,,,,,,,,,,
OBExternalStatusReason1Code,AGNT,IncorrectAgent,Agent in the payment workflow is incorrect,,,,,,,,,,,,,
OBExternalStatusReason1Code,AM01,ZeroAmount,Specified message amount is equal to zero,,,,,,,,,,,,,
OBExternalStatusReason1Code,AM02,NotAllowedAmount,Specific transaction/message amount is greater than allowed maximum,,,,,,,,,,,,,
OBExternalStatusReason1Code,AM03,NotAllowedCurrency,Specified message amount is an non processable currency outside of existing agreement,,,,,,,,,,,,,
OBExternalStatusReason1Code,AM04,InsufficientFunds,Amount of funds available to cover specified message amount is insufficient.,,,,,,,,,,,,,
OBExternalStatusReason1Code,AM05,Duplication,Duplication,,,,,,,,,,,,,
OBExternalStatusReason1Code,AM06,TooLowAmount,Specified transaction amount is less than agreed minimum.,,,,,,,,,,,,,
OBExternalStatusReason1Code,AM07,BlockedAmount,Amount specified in message has been blocked by regulatory authorities.,,,,,,,,,,,,,
OBExternalStatusReason1Code,AM09,WrongAmount,Amount received is not the amount agreed or expected,,,,,,,,,,,,,
OBExternalStatusReason1Code,AM10,InvalidControlSum,Sum of instructed amounts does not equal the control sum.,,,,,,,,,,,,,
OBExternalStatusReason1Code,AM11,InvalidTransactionCurrency,Transaction currency is invalid or missing,,,,,,,,,,,,,
OBExternalStatusReason1Code,AM12,InvalidAmount,Amount is invalid or missing,,,,,,,,,,,,,
OBExternalStatusReason1Code,AM13,AmountExceedsClearingSystemLimit,Transaction amount exceeds limits set by clearing system,,,,,,,,,,,,,
OBExternalStatusReason1Code,AM14,AmountExceedsAgreedLimit,Transaction amount exceeds limits agreed between bank and client,,,,,,,,,,,,,
OBExternalStatusReason1Code,AM15,AmountBelowClearingSystemMinimum,Transaction amount below minimum set by clearing system,,,,,,,,,,,,,
OBExternalStatusReason1Code,AM16,InvalidGroupControlSum,Control Sum at the Group level is invalid,,,,,,,,,,,,,
OBExternalStatusReason1Code,AM17,InvalidPaymentInfoControlSum,Control Sum at the Payment Information level is invalid,,,,,,,,,,,,,
OBExternalStatusReason1Code,AM18,InvalidNumberOfTransactions,"Number of transactions is invalid or missing.
Generic usage if cannot specify between group and payment information levels.",,,,,,,,,,,,,
OBExternalStatusReason1Code,AM19,InvalidGroupNumberOfTransactions,Number of transactions at the Group level is invalid or missing,,,,,,,,,,,,,
OBExternalStatusReason1Code,AM20,InvalidPaymentInfoNumberOfTransactions,Number of transactions at the Payment Information level is invalid,,,,,,,,,,,,,
OBExternalStatusReason1Code,AM21,LimitExceeded,Transaction amount exceeds limits agreed between bank and client.,,,,,,,,,,,,,
OBExternalStatusReason1Code,AM22,ZeroAmountNotApplied,"Unable to apply zero amount to designated account. For example, where the rules of a service allow the use of zero amount payments, however the back-office system is unable to apply the funds to the account. If the rules of a service prohibit the use of zero amount payments, then code AM01 is used to report the error condition.",,,,,,,,,,,,,
OBExternalStatusReason1Code,AM23,AmountExceedsSettlementLimit,Transaction amount exceeds settlement limit.,,,,,,,,,,,,,
OBExternalStatusReason1Code,BE01,InconsistenWithEndCustomer,Identification of end customer is not consistent with associated account number. (formerly CreditorConsistency).,,,,,,,,,,,,,
OBExternalStatusReason1Code,BE04,MissingCreditorAddress,"Specification of creditor's address, which is required for payment, is missing/not correct (formerly IncorrectCreditorAddress).",,,,,,,,,,,,,
OBExternalStatusReason1Code,BE05,UnrecognisedInitiatingParty,Party who initiated the message is not recognised by the end customer,,,,,,,,,,,,,
OBExternalStatusReason1Code,BE06,UnknownEndCustomer,End customer specified is not known at associated Sort/National Bank Code or does no longer exist in the books,,,,,,,,,,,,,
OBExternalStatusReason1Code,BE07,MissingDebtorAddress,"Specification of debtor's address, which is required for payment, is missing/not correct.",,,,,,,,,,,,,
OBExternalStatusReason1Code,BE08,MissingDebtorName,Debtor name is missing,,,,,,,,,,,,,
OBExternalStatusReason1Code,BE09,InvalidCountry,"Country code is missing or Invalid.
Generic usage if cannot specifically identify debtor or creditor",,,,,,,,,,,,,
OBExternalStatusReason1Code,BE10,InvalidDebtorCountry,Debtor country code is missing or invalid,,,,,,,,,,,,,
OBExternalStatusReason1Code,BE11,InvalidCreditorCountry,Creditor country code is missing or invalid,,,,,,,,,,,,,
OBExternalStatusReason1Code,BE12,InvalidCountryOfResidence,"Country code of residence is missing or Invalid.
Generic usage if cannot specifically identify debtor or creditor",,,,,,,,,,,,,
OBExternalStatusReason1Code,BE13,InvalidDebtorCountryOfResidence,Country code of debtor's residence is missing or Invalid,,,,,,,,,,,,,
OBExternalStatusReason1Code,BE14,InvalidCreditorCountryOfResidence,Country code of creditor's residence is missing or Invalid,,,,,,,,,,,,,
OBExternalStatusReason1Code,BE15,InvalidIdentificationCode,"Identification code missing or invalid.
Generic usage if cannot specifically identify debtor or creditor.",,,,,,,,,,,,,
OBExternalStatusReason1Code,BE16,InvalidDebtorIdentificationCode,Debtor or Ultimate Debtor identification code missing or invalid,,,,,,,,,,,,,
OBExternalStatusReason1Code,BE17,InvalidCreditorIdentificationCode,Creditor or Ultimate Creditor identification code missing or invalid,,,,,,,,,,,,,
OBExternalStatusReason1Code,BE18,InvalidContactDetails,Contact details missing or invalid,,,,,,,,,,,,,
OBExternalStatusReason1Code,BE19,InvalidChargeBearerCode,Charge bearer code for transaction type is invalid,,,,,,,,,,,,,
OBExternalStatusReason1Code,BE20,InvalidNameLength,Name length exceeds local rules for payment type.,,,,,,,,,,,,,
OBExternalStatusReason1Code,BE21,MissingName,Name missing or invalid.  Generic usage if cannot specifically identify debtor or creditor.,,,,,,,,,,,,,
OBExternalStatusReason1Code,BE22,MissingCreditorName,Creditor name is missing,,,,,,,,,,,,,
OBExternalStatusReason1Code,BE23,AccountProxyInvalid,"Phone number or email address, or any other proxy, used as the account proxy is unknown or invalid.",,,,,,,,,,,,,
OBExternalStatusReason1Code,CERI,CheckERI,Credit transfer is not tagged as an Extended Remittance Information (ERI) transaction but contains ERI.,,,,,,,,,,,,,
OBExternalStatusReason1Code,CH03,RequestedExecutionDateOrRequestedCollectionDateTooFarInFuture,Value in Requested Execution Date or Requested Collection Date is too far in the future,,,,,,,,,,,,,
OBExternalStatusReason1Code,CH04,RequestedExecutionDateOrRequestedCollectionDateTooFarInPast,Value in Requested Execution Date or Requested Collection Date is too far in the past,,,,,,,,,,,,,
OBExternalStatusReason1Code,CH07,ElementIsNotToBeUsedAtB-andC-Level,Element is not to be used at B- and C-Level,,,,,,,,,,,,,
OBExternalStatusReason1Code,CH09,MandateChangesNotAllowed,Mandate changes are not allowed,,,,,,,,,,,,,
OBExternalStatusReason1Code,CH10,InformationOnMandateChangesMissing,Information on mandate changes are missing,,,,,,,,,,,,,
OBExternalStatusReason1Code,CH11,CreditorIdentifierIncorrect,Value in Creditor Identifier is incorrect,,,,,,,,,,,,,
OBExternalStatusReason1Code,CH12,CreditorIdentifierNotUnambiguouslyAtTransaction-Level,Creditor Identifier is ambiguous at Transaction Level,,,,,,,,,,,,,
OBExternalStatusReason1Code,CH13,OriginalDebtorAccountIsNotToBeUsed,Original Debtor Account is not to be used,,,,,,,,,,,,,
OBExternalStatusReason1Code,CH14,OriginalDebtorAgentIsNotToBeUsed,Original Debtor Agent  is not to be used,,,,,,,,,,,,,
OBExternalStatusReason1Code,CH15,ElementContentIncludesMoreThan140Characters,Content Remittance Information/Structured includes more than 140 characters,,,,,,,,,,,,,
OBExternalStatusReason1Code,CH16,ElementContentFormallyIncorrect,Content is incorrect,,,,,,,,,,,,,
OBExternalStatusReason1Code,CH17,ElementNotAdmitted,Element is not allowed,,,,,,,,,,,,,
OBExternalStatusReason1Code,CH19,ValuesWillBeSetToNextTARGETday,Values in Interbank Settlement Date or Requested Collection Date will be set to the next TARGET day,,,,,,,,,,,,,
OBExternalStatusReason1Code,CH20,DecimalPointsNotCompatibleWithCurrency,Number of decimal points not compatible with the currency,,,,,,,,,,,,,
OBExternalStatusReason1Code,CH21,RequiredCompulsoryElementMissing,Mandatory element is missing ,,,,,,,,,,,,,
OBExternalStatusReason1Code,CH22,COREandB2BwithinOnemessage,SDD CORE and B2B not permitted within one message ,,,,,,,,,,,,,
OBExternalStatusReason1Code,CHQC,ChequeSettledOnCreditorAccount,Cheque has been presented in cheque clearing and settled on the creditor’s account.,,,,,,,,,,,,,
OBExternalStatusReason1Code,CNOR,CreditorBankIsNotRegistered,Creditor bank is not registered under this BIC in the CSM,,,,,,,,,,,,,
OBExternalStatusReason1Code,CURR,IncorrectCurrency,Currency of the payment is incorrect,,,,,,,,,,,,,
OBExternalStatusReason1Code,CUST,RequestedByCustomer,Cancellation requested by the Debtor,,,,,,,,,,,,,
OBExternalStatusReason1Code,DNOR,DebtorBankIsNotRegistered,Debtor bank is not registered under this BIC in the CSM,,,,,,,,,,,,,
OBExternalStatusReason1Code,DS01,ElectronicSignaturesCorrect,The electronic signature(s) is/are correct,,,,,,,,,,,,,
OBExternalStatusReason1Code,DS02,OrderCancelled,An authorized user has cancelled the order,,,,,,,,,,,,,
OBExternalStatusReason1Code,DS03,OrderNotCancelled,The user’s attempt to cancel the order was not successful ,,,,,,,,,,,,,
OBExternalStatusReason1Code,DS04,OrderRejected,The order was rejected by the bank side (for reasons concerning content),,,,,,,,,,,,,
OBExternalStatusReason1Code,DS05,OrderForwardedForPostprocessing,The order was correct and could be forwarded for postprocessing,,,,,,,,,,,,,
OBExternalStatusReason1Code,DS06,TransferOrder,The order was transferred to VEU,,,,,,,,,,,,,
OBExternalStatusReason1Code,DS07,ProcessingOK,All actions concerning the order could be done by the EBICS bank server,,,,,,,,,,,,,
OBExternalStatusReason1Code,DS08,DecompressionError,The decompression of the file was not successful,,,,,,,,,,,,,
OBExternalStatusReason1Code,DS09,DecryptionError,The decryption of the file was not successful,,,,,,,,,,,,,
OBExternalStatusReason1Code,DS0A,DataSignRequested,Data signature is required.,,,,,,,,,,,,,
OBExternalStatusReason1Code,DS0B,UnknownDataSignFormat,Data signature for the format is not available or invalid.,,,,,,,,,,,,,
OBExternalStatusReason1Code,DS0C,SignerCertificateRevoked,The signer certificate is revoked.,,,,,,,,,,,,,
OBExternalStatusReason1Code,DS0D,SignerCertificateNotValid,The signer certificate is not valid (revoked or not active).,,,,,,,,,,,,,
OBExternalStatusReason1Code,DS0E,IncorrectSignerCertificate,The signer certificate is not present.,,,,,,,,,,,,,
OBExternalStatusReason1Code,DS0F,SignerCertificationAuthoritySignerNotValid,The authority of the signer certification sending the certificate is unknown.,,,,,,,,,,,,,
OBExternalStatusReason1Code,DS0G,NotAllowedPayment,Signer is not allowed to sign this operation type.,,,,,,,,,,,,,
OBExternalStatusReason1Code,DS0H,NotAllowedAccount,Signer is not allowed to sign for this account.,,,,,,,,,,,,,
OBExternalStatusReason1Code,DS0K,NotAllowedNumberOfTransaction,The number of transaction is over the number allowed for this signer.,,,,,,,,,,,,,
OBExternalStatusReason1Code,DS10,Signer1CertificateRevoked,The certificate is revoked for the first signer.,,,,,,,,,,,,,
OBExternalStatusReason1Code,DS11,Signer1CertificateNotValid,The certificate is not valid (revoked or not active) for the first signer.,,,,,,,,,,,,,
OBExternalStatusReason1Code,DS12,IncorrectSigner1Certificate,The certificate is not present for the first signer.,,,,,,,,,,,,,
OBExternalStatusReason1Code,DS13,SignerCertificationAuthoritySigner1NotValid,The authority of signer certification sending the certificate is unknown for the first signer.,,,,,,,,,,,,,
OBExternalStatusReason1Code,DS14,UserDoesNotExist,The user is unknown on the server,,,,,,,,,,,,,
OBExternalStatusReason1Code,DS15,IdenticalSignatureFound,The same signature has already been sent to the bank,,,,,,,,,,,,,
OBExternalStatusReason1Code,DS16,PublicKeyVersionIncorrect,The public key version is not correct. This code is returned when a customer sends signature files to the financial institution after conversion from an older program version (old ES format) to a new program version (new ES format) without having carried out re-initialisation with regard to a public key change.,,,,,,,,,,,,,
OBExternalStatusReason1Code,DS17,DifferentOrderDataInSignatures,Order data and signatures don’t match,,,,,,,,,,,,,
OBExternalStatusReason1Code,DS18,RepeatOrder,"File cannot be tested, the complete order has to be repeated. This code is returned in the event of a malfunction during the signature check, e.g. not enough storage space.",,,,,,,,,,,,,
OBExternalStatusReason1Code,DS19,ElectronicSignatureRightsInsufficient,The user’s rights (concerning his signature) are insufficient to execute the order,,,,,,,,,,,,,
OBExternalStatusReason1Code,DS20,Signer2CertificateRevoked,The certificate is revoked for the second signer.,,,,,,,,,,,,,
OBExternalStatusReason1Code,DS21,Signer2CertificateNotValid,The certificate is not valid (revoked or not active) for the second signer.,,,,,,,,,,,,,
OBExternalStatusReason1Code,DS22,IncorrectSigner2Certificate,The certificate is not present for the second signer.,,,,,,,,,,,,,
OBExternalStatusReason1Code,DS23,SignerCertificationAuthoritySigner2NotValid,The authority of signer certification sending the certificate is unknown for the second signer.,,,,,,,,,,,,,
OBExternalStatusReason1Code,DS24,WaitingTimeExpired,Waiting time expired due to incomplete order,,,,,,,,,,,,,
OBExternalStatusReason1Code,DS25,OrderFileDeleted,"The order file was deleted by the bank server 
(for multiple reasons)",,,,,,,,,,,,,
OBExternalStatusReason1Code,DS26,UserSignedMultipleTimes,The same user has signed multiple times,,,,,,,,,,,,,
OBExternalStatusReason1Code,DS27,UserNotYetActivated,The user is not yet activated (technically),,,,,,,,,,,,,
OBExternalStatusReason1Code,DT01,InvalidDate,"Invalid date (eg, wrong or missing settlement date)",,,,,,,,,,,,,
OBExternalStatusReason1Code,DT02,InvalidCreationDate,"Invalid creation date and time in Group Header (eg, historic date)",,,,,,,,,,,,,
OBExternalStatusReason1Code,DT03,InvalidNonProcessingDate,"Invalid non bank processing date (eg, weekend or local public holiday)",,,,,,,,,,,,,
OBExternalStatusReason1Code,DT04,FutureDateNotSupported,Future date not supported,,,,,,,,,,,,,
OBExternalStatusReason1Code,DT05,InvalidCutOffDate,"Associated message, payment information block or transaction was received after agreed processing cut-off date, i.e., date in the past.",,,,,,,,,,,,,
OBExternalStatusReason1Code,DT06,ExecutionDateChanged,Execution Date has been modified in order for transaction to be processed,,,,,,,,,,,,,
OBExternalStatusReason1Code,DU01,DuplicateMessageID,Message Identification is not unique.,,,,,,,,,,,,,
OBExternalStatusReason1Code,DU02,DuplicatePaymentInformationID,Payment Information Block is not unique.,,,,,,,,,,,,,
OBExternalStatusReason1Code,DU03,DuplicateTransaction,Transaction is not unique.,,,,,,,,,,,,,
OBExternalStatusReason1Code,DU04,DuplicateEndToEndID,End To End ID is not unique.,,,,,,,,,,,,,
OBExternalStatusReason1Code,DU05,DuplicateInstructionID,Instruction ID is not unique.,,,,,,,,,,,,,
OBExternalStatusReason1Code,DUPL,DuplicatePayment,Payment is a duplicate of another payment,,,,,,,,,,,,,
OBExternalStatusReason1Code,ED01,CorrespondentBankNotPossible,Correspondent bank not possible.,,,,,,,,,,,,,
OBExternalStatusReason1Code,ED03,BalanceInfoRequest,Balance of payments complementary info is requested,,,,,,,,,,,,,
OBExternalStatusReason1Code,ED05,SettlementFailed,Settlement of the transaction has failed.,,,,,,,,,,,,,
OBExternalStatusReason1Code,ED06,SettlementSystemNotAvailable,Interbank settlement system not available.,,,,,,,,,,,,,
OBExternalStatusReason1Code,ERIN,ERIOptionNotSupported,Extended Remittance Information (ERI) option is not supported.,,,,,,,,,,,,,
OBExternalStatusReason1Code,FF01,InvalidFileFormat,File Format incomplete or invalid,,,,,,,,,,,,,
OBExternalStatusReason1Code,FF02,SyntaxError,Syntax error reason is provided as narrative information in the additional reason information.,,,,,,,,,,,,,
OBExternalStatusReason1Code,FF03,InvalidPaymentTypeInformation,"Payment Type Information is missing or invalid.
Generic usage if cannot specify Service Level or Local Instrument code",,,,,,,,,,,,,
OBExternalStatusReason1Code,FF04,InvalidServiceLevelCode,Service Level code is missing or invalid,,,,,,,,,,,,,
OBExternalStatusReason1Code,FF05,InvalidLocalInstrumentCode,Local Instrument code is missing or invalid,,,,,,,,,,,,,
OBExternalStatusReason1Code,FF06,InvalidCategoryPurposeCode,Category Purpose code is missing or invalid,,,,,,,,,,,,,
OBExternalStatusReason1Code,FF07,InvalidPurpose,Purpose is missing or invalid,,,,,,,,,,,,,
OBExternalStatusReason1Code,FF08,InvalidEndToEndId,End to End Id missing or invalid,,,,,,,,,,,,,
OBExternalStatusReason1Code,FF09,InvalidChequeNumber,Cheque number missing or invalid,,,,,,,,,,,,,
OBExternalStatusReason1Code,FF10,BankSystemProcessingError,File or transaction cannot be processed due to technical issues at the bank side,,,,,,,,,,,,,
OBExternalStatusReason1Code,FF11,ClearingRequestAborted,Clearing request rejected due it being subject to an abort operation.,,,,,,,,,,,,,
OBExternalStatusReason1Code,G000,PaymentTransferredAndTracked,"In an FI To FI Customer Credit Transfer: The Status Originator transferred the payment to the next Agent or to a Market Infrastructure. The payment transfer is tracked. No further updates will follow from the Status Originator.

In a Financial Institution Credit Transfer with cover: The Status Originator performed the account booking and transferred the cover transaction to the next Reimbursement Agent or to a Market Infrastructure. The payment transfer is tracked. No further updates will follow from the Status Originator.
",,,,,,,,,,,,,
OBExternalStatusReason1Code,G001,PaymentTransferredAndNotTracked,"In an FI To FI Customer Credit Transfer: The Status Originator transferred the payment to the next Agent or to a Market Infrastructure. The payment transfer is not tracked. No further updates will follow from the Status Originator.

In a Financial Institution Credit Transfer with cover: The Status Originator performed the account booking and transferred the cover transaction to the next Reimbursement Agent or to a Market Infrastructure. The payment transfer is not tracked. No further updates will follow from the Status Originator.
",,,,,,,,,,,,,
OBExternalStatusReason1Code,G002,CreditDebitNotConfirmed,"In a FIToFI Customer Credit Transfer: Credit to the creditor’s account may not be confirmed same day. Update will follow from the Status Originator.
In a Financial Institution Credit Transfer with cover: Debit/credit to nostro account may not be confirmed same day or Financial Institution Credit Transfer may not be transferred same day. Update will follow from the Status Originator.",,,,,,,,,,,,,
OBExternalStatusReason1Code,G003,CreditPendingDocuments,"In a FIToFI Customer Credit Transfer: Credit to creditor’s account is pending receipt of required documents. The Status Originator has requested creditor to provide additional documentation. Update will follow from the Status Originator. 
In a Financial Institution Credit Transfer with cover: Status Originator has requested a previous Agent to provide additional information/correct information. Update will follow from the Status Originator.",,,,,,,,,,,,,
OBExternalStatusReason1Code,G004,CreditPendingFunds,"In a FIToFI Customer Credit Transfer: Credit to the creditor’s account is pending, status Originator is waiting for funds provided via a cover. Update will follow from the Status Originator.",,,,,,,,,,,,,
OBExternalStatusReason1Code,G005,DeliveredWithServiceLevel,Payment has been delivered to creditor agent with service level.,,,,,,,,,,,,,
OBExternalStatusReason1Code,G006,DeliveredWIthoutServiceLevel,Payment has been delivered to creditor agent without service level.,,,,,,,,,,,,,
OBExternalStatusReason1Code,ID01,CorrespondingOriginalFileStillNotSent,Signature file was sent to the bank but the corresponding original file has not been sent yet.,,,,,,,,,,,,,
OBExternalStatusReason1Code,MD01,NoMandate,No Mandate,,,,,,,,,,,,,
OBExternalStatusReason1Code,MD02,MissingMandatoryInformationInMandate,Mandate related information data required by the scheme is missing.,,,,,,,,,,,,,
OBExternalStatusReason1Code,MD05,CollectionNotDue,Creditor or creditor's agent should not have collected the direct debit,,,,,,,,,,,,,
OBExternalStatusReason1Code,MD06,RefundRequestByEndCustomer,Return of funds requested by end customer,,,,,,,,,,,,,
OBExternalStatusReason1Code,MD07,EndCustomerDeceased,End customer is deceased.,,,,,,,,,,,,,
OBExternalStatusReason1Code,MS02,NotSpecifiedReasonCustomerGenerated,Reason has not been specified by end customer,,,,,,,,,,,,,
OBExternalStatusReason1Code,MS03,NotSpecifiedReasonAgentGenerated,Reason has not been specified by agent.,,,,,,,,,,,,,
OBExternalStatusReason1Code,NARR,Narrative,Reason is provided as narrative information in the additional reason information.,,,,,,,,,,,,,
OBExternalStatusReason1Code,NERI,NoERI,Credit transfer is tagged as an Extended Remittance Information (ERI) transaction but does not contain ERI.,,,,,,,,,,,,,
OBExternalStatusReason1Code,RC01,BankIdentifierIncorrect,Bank identifier code specified in the message has an incorrect format (formerly IncorrectFormatForRoutingCode).,,,,,,,,,,,,,
OBExternalStatusReason1Code,RC02,InvalidBankIdentifier,"Bank identifier is invalid or missing.
Generic usage if cannot specify between debit or credit account",,,,,,,,,,,,,
OBExternalStatusReason1Code,RC03,InvalidDebtorBankIdentifier,Debtor bank identifier is invalid or missing,,,,,,,,,,,,,
OBExternalStatusReason1Code,RC04,InvalidCreditorBankIdentifier,Creditor bank identifier is invalid or missing,,,,,,,,,,,,,
OBExternalStatusReason1Code,RC05,InvalidBICIdentifier,"BIC identifier is invalid or missing.
Generic usage if cannot specify between debit or credit account.",,,,,,,,,,,,,
OBExternalStatusReason1Code,RC06,InvalidDebtorBICIdentifier,Debtor BIC identifier is invalid or missing,,,,,,,,,,,,,
OBExternalStatusReason1Code,RC07,InvalidCreditorBICIdentifier,Creditor BIC identifier is invalid or missing,,,,,,,,,,,,,
OBExternalStatusReason1Code,RC08,InvalidClearingSystemMemberIdentifier,"ClearingSystemMemberidentifier is invalid or missing.
Generic usage if cannot specify between debit or credit account",,,,,,,,,,,,,
OBExternalStatusReason1Code,RC09,InvalidDebtorClearingSystemMemberIdentifier,Debtor ClearingSystemMember identifier is invalid or missing,,,,,,,,,,,,,
OBExternalStatusReason1Code,RC10,InvalidCreditorClearingSystemMemberIdentifier,Creditor ClearingSystemMember identifier is invalid or missing,,,,,,,,,,,,,
OBExternalStatusReason1Code,RC11,InvalidIntermediaryAgent,Intermediary Agent is invalid or missing,,,,,,,,,,,,,
OBExternalStatusReason1Code,RC12,MissingCreditorSchemeId,Creditor Scheme Id is invalid or  missing,,,,,,,,,,,,,
OBExternalStatusReason1Code,RCON,RMessageConflict,Conflict with R-Message,,,,,,,,,,,,,
OBExternalStatusReason1Code,RECI,ReceiverCustomerInformation,Further information regarding the intended recipient. ,,,,,,,,,,,,,
OBExternalStatusReason1Code,RF01,NotUniqueTransactionReference,Transaction reference is not unique within the message.,,,,,,,,,,,,,
OBExternalStatusReason1Code,RR01,MissingDebtorAccountOrIdentification,Specification of the debtor’s account or unique identification needed for reasons of regulatory requirements is insufficient or missing,,,,,,,,,,,,,
OBExternalStatusReason1Code,RR02,MissingDebtorNameOrAddress,Specification of the debtor’s name and/or address needed for regulatory requirements is insufficient or missing.,,,,,,,,,,,,,
OBExternalStatusReason1Code,RR03,MissingCreditorNameOrAddress,Specification of the creditor’s name and/or address needed for regulatory requirements is insufficient or missing.,,,,,,,,,,,,,
OBExternalStatusReason1Code,RR04,RegulatoryReason,Regulatory Reason,,,,,,,,,,,,,
OBExternalStatusReason1Code,RR05,RegulatoryInformationInvalid,"Regulatory or Central Bank Reporting information missing, incomplete or invalid.",,,,,,,,,,,,,
OBExternalStatusReason1Code,RR06,TaxInformationInvalid,"Tax information missing, incomplete or invalid.",,,,,,,,,,,,,
OBExternalStatusReason1Code,RR07,RemittanceInformationInvalid,Remittance information structure does not comply with rules for payment type.,,,,,,,,,,,,,
OBExternalStatusReason1Code,RR08,RemittanceInformationTruncated,Remittance information truncated to comply with rules for payment type.,,,,,,,,,,,,,
OBExternalStatusReason1Code,RR09,InvalidStructuredCreditorReference,Structured creditor reference invalid or missing.,,,,,,,,,,,,,
OBExternalStatusReason1Code,RR10,InvalidCharacterSet,Character set supplied not valid for the country and payment type.,,,,,,,,,,,,,
OBExternalStatusReason1Code,RR11,InvalidDebtorAgentServiceID,Invalid or missing identification of a bank proprietary service.,,,,,,,,,,,,,
OBExternalStatusReason1Code,RR12,InvalidPartyID,Invalid or missing identification required within a particular country or payment type.,,,,,,,,,,,,,
OBExternalStatusReason1Code,S000,ValidRequestForCancellationAcknowledged,Request for Cancellation is acknowledged following validation.,,,,,,,,,,,,,
OBExternalStatusReason1Code,S001,UETRFlaggedForCancellation,Unique End-to-end Transaction Reference (UETR) relating to a payment has been identified as being associated with a Request for Cancellation.,,,,,,,,,,,,,
OBExternalStatusReason1Code,S002,NetworkStopOfUETR,Unique End-to-end Transaction Reference (UETR) relating to a payment has been prevent from traveling across a messaging network.,,,,,,,,,,,,,
OBExternalStatusReason1Code,S003,RequestForCancellationForwarded,Request for Cancellation has been forwarded to the payment processing/last payment processing agent.,,,,,,,,,,,,,
OBExternalStatusReason1Code,S004,RequestForCancellationDeliveryAcknowledgement,Request for Cancellation has been acknowledged as delivered to payment processing/last payment processing agent.,,,,,,,,,,,,,
OBExternalStatusReason1Code,SL01,SpecificServiceOfferedByDebtorAgent,Due to specific service offered by the Debtor Agent.,,,,,,,,,,,,,
OBExternalStatusReason1Code,SL02,SpecificServiceOfferedByCreditorAgent,Due to specific service offered by the Creditor Agent.,,,,,,,,,,,,,
OBExternalStatusReason1Code,SL03,ServiceofClearingSystem,Due to a specific service offered by the clearing system.,,,,,,,,,,,,,
OBExternalStatusReason1Code,SL11,CreditorNotOnWhitelistOfDebtor,Whitelisting service offered by the Debtor Agent; Debtor has not included the Creditor on its “Whitelist” (yet). In the Whitelist the Debtor may list all allowed Creditors to debit Debtor bank account.,,,,,,,,,,,,,
OBExternalStatusReason1Code,SL12,CreditorOnBlacklistOfDebtor,Blacklisting service offered by the Debtor Agent; Debtor included the Creditor on his “Blacklist”. In the Blacklist the Debtor may list all Creditors not allowed to debit Debtor bank account.,,,,,,,,,,,,,
OBExternalStatusReason1Code,SL13,MaximumNumberOfDirectDebitTransactionsExceeded,Due to Maximum allowed Direct Debit Transactions per period service offered by the Debtor Agent.,,,,,,,,,,,,,
OBExternalStatusReason1Code,SL14,MaximumDirectDebitTransactionAmountExceeded,Due to Maximum allowed Direct Debit Transaction amount service offered by the Debtor Agent.,,,,,,,,,,,,,
OBExternalStatusReason1Code,TA01,TransmissonAborted,The transmission of the file was not successful – it had to be aborted (for technical reasons),,,,,,,,,,,,,
OBExternalStatusReason1Code,TD01,NoDataAvailable,There is no data available (for download),,,,,,,,,,,,,
OBExternalStatusReason1Code,TD02,FileNonReadable,The file cannot be read (e.g. unknown format),,,,,,,,,,,,,
OBExternalStatusReason1Code,TD03,IncorrectFileStructure,The file format is incomplete or invalid,,,,,,,,,,,,,
OBExternalStatusReason1Code,TK01,TokenInvalid,Token is invalid.,,,,,,,,,,,,,
OBExternalStatusReason1Code,TK02,SenderTokenNotFound,Token used for the sender does not exist.,,,,,,,,,,,,,
OBExternalStatusReason1Code,TK03,ReceiverTokenNotFound,Token used for the receiver does not exist.,,,,,,,,,,,,,
OBExternalStatusReason1Code,TK09,TokenMissing,Token required for request is missing.,,,,,,,,,,,,,
OBExternalStatusReason1Code,TKCM,TokenCounterpartyMismatch,Token found with counterparty mismatch. ,,,,,,,,,,,,,
OBExternalStatusReason1Code,TKSG,TokenSingleUse,Single Use Token already used. ,,,,,,,,,,,,,
OBExternalStatusReason1Code,TKSP,TokenSuspended,Token found with suspended status.,,,,,,,,,,,,,
OBExternalStatusReason1Code,TKVE,TokenValueLimitExceeded,Token found with value limit rule violation. ,,,,,,,,,,,,,
OBExternalStatusReason1Code,TKXP,TokenExpired,Token expired.,,,,,,,,,,,,,
OBExternalStatusReason1Code,TM01,InvalidCutOffTime,"Associated message, payment information block, or transaction was received after agreed processing cut-off time.",,,,,,,,,,,,,
OBExternalStatusReason1Code,TS01,TransmissionSuccessful,The (technical) transmission of the file was successful.,,,,,,,,,,,,,
OBExternalStatusReason1Code,TS04,TransferToSignByHand,The order was transferred to pass by accompanying note signed by hand,,,,,,,,,,,,,
OBExternalStatusReason1Code,CN01,AuthorisationCancelled,Authorisation is cancelled.,,,,,,,,,,,,,
OBExternalStatusReason1Code,FOCR,FollowingCancellationRequest,Return following a cancellation request.,,,,,,,,,,,,,
OBExternalStatusReason1Code,FR01,Fraud,Returned as a result of fraud.,,,,,,,,,,,,,
OBExternalStatusReason1Code,NOCM,NotCompliantGeneric,"Customer account is not compliant with regulatory requirements, for example FICA (in South Africa) or any other regulatory requirements which render an account inactive for certain processing.",,,,,,,,,,,,,
OBExternalStatusReason1Code,NOAS,NoAnswerFromCustomer,No response from Beneficiary.,,,,,,,,,,,,,
OBExternalStatusReason1Code,RUTA,ReturnUponUnableToApply,Return following investigation request and no remediation possible.,,,,,,,,,,,,,
OBExternalStatusReason1Code,UPAY,UnduePayment,Payment is not justified.,,,,,,,,,,,,,
OBExternalStatusReason1Code,ALAC,AlreadyAcceptedRTP,Request-to-pay has already been accepted by the Debtor.,,,,,,,,,,,,,
OBExternalStatusReason1Code,AEXR,AlreadyExpiredRTP,Request-to-pay Expiry Date and Time has already passed.,,,,,,,,,,,,,
OBExternalStatusReason1Code,ARFR,AlreadyRefusedRTP,Request-to-pay has already been refused by the Debtor.,,,,,,,,,,,,,
OBExternalStatusReason1Code,ARJR,AlreadyRejectedRTP,Request-to-pay has already been rejected.,,,,,,,,,,,,,
OBExternalStatusReason1Code,ATNS,AttachementsNotSupported,Attachments to the request-to-pay are not supported.,,,,,,,,,,,,,
OBExternalStatusReason1Code,EDTR,ExpiryDateTimeReached,Expiry date time of the request-to-pay is already reached.,,,,,,,,,,,,,
OBExternalStatusReason1Code,EDTL,ExpiryDateTooLong,Expiry date time of the request-to-pay is too far in the future.,,,,,,,,,,,,,
OBExternalStatusReason1Code,FRAD,FraudulentOrigin,Cancellation requested following a transaction that was originated fraudulently. The use of the FraudulentOrigin code should be governed by jurisdictions.,,,,,,,,,,,,,
OBExternalStatusReason1Code,IEDT,IncorrectExpiryDateTime,Expiry date time of the request-to-pay is incorrect.,,,,,,,,,,,,,
OBExternalStatusReason1Code,IRNR,InitialRTPNeverReceived,No initial request-to-pay has been received.,,,,,,,,,,,,,
OBExternalStatusReason1Code,NOAR,NonAgreedRTP,No existing agreement for receiving request-to-pay messages.,,,,,,,,,,,,,
OBExternalStatusReason1Code,NOPG,NoPaymentGuarantee,Requested payment guarantee (by Creditor) related to a request-to-pay cannot be provided.,,,,,,,,,,,,,
OBExternalStatusReason1Code,NRCH,PayerOrPayerRTPSPNotReachable,Recipient side of the request-to-pay (payer or its request-to-pay service provider) is not reachable.,,,,,,,,,,,,,
OBExternalStatusReason1Code,RTNS,RTPNotSupportedForDebtor,Debtor does not support request-to-pay transactions.,,,,,,,,,,,,,
OBExternalStatusReason1Code,REPR,RTPReceivedCanBeProcessed,Request-to-pay has been received and can be processed further.,,,,,,,,,,,,,
OBExternalStatusReason1Code,SPII,RTPServiceProviderIdentifierIncorrect,Identifier of the request-to-pay service provider is incorrect.,,,,,,,,,,,,,
OBExternalStatusReason1Code,PINS,TypeOfPaymentInstrumentNotSupported,Type of payment requested in the request-to-pay is not supported by the payer.,,,,,,,,,,,,,
OBExternalStatusReason1Code,UCRD,UnknownCreditor,Unknown Creditor.,,,,,,,,,,,,,
OBExternalStatusReason1Code,FF12,OriginalTransactionNotEligibleForRequestedReturn,Original payment is not eligible to be returned given its current status.,,,,,,,,,,,,,
OBExternalStatusReason1Code,FF13,RequestForCancellationNotFound,No record of request for cancellation found.,,,,,,,,,,,,,
OBExternalStatusReason1Code,DC02,SettlementNotReceived,Rejection of a payment due to covering FI settlement not being received.,,,,,,,,,,,,,
OBExternalStatusReason1Code,APAR,AlreadyPaidRTP,Request To Pay has already been paid by the Debtor.,,,,,,,,,,,,,
OBInternalAccountIdentification4Code,UK.OBIE.BBAN,UK.OBIE.BBAN,"Basic Bank Account Number (BBAN) - identifier used nationally by financial institutions, ie, in individual countries, generally as part of a National Account Numbering Scheme(s), to uniquely identify the account of a customer.",,,,,,,,,,,,,
OBInternalAccountIdentification4Code,UK.OBIE.IBAN,UK.OBIE.IBAN,"An identifier used internationally by financial institutions to uniquely identify the account of a customer at a financial institution, as described in the latest edition of the international standard ISO 13616. ""Banking and related financial services - International Bank Account Number (IBAN)"".",,,,,,,,,,,,,
OBInternalAccountIdentification4Code,UK.OBIE.PAN,UK.OBIE.PAN,Primary Account Number - identifier scheme used to identify a card account.,,,,,,,,,,,,,
OBInternalAccountIdentification4Code,UK.OBIE.Paym,UK.OBIE.Paym,Paym Scheme to make payments via mobile,,,,,,,,,,,,,
OBInternalAccountIdentification4Code,UK.OBIE.SortCodeAccountNumber,UK.OBIE.SortCodeAccountNumber,"Sort Code and Account Number - identifier scheme used in the UK by financial institutions to identify the account of a customer. The identifier is the concatenation of the 6 digit UK sort code and 8 digit account number.
The regular expression for this identifier is: ^[0-9]{6}[0-9]{8}$",,,,,,,,,,,,,
OBInternalAccountIdentification4Code,UK.OBIE.Wallet,UK.OBIE.Wallet,"A primary and unique account identifier used to identify a wallet.
An ASPSP must document on their developer portal, the payment methods that supports this account identifier.",,,,,,,,,,,,,
OBInternalFinancialInstitutionIdentification4Code,UK.OBIE.BICFI,UK.OBIE.BICFI,"Valid BICs for financial institutions are registered by the ISO 9362 Registration Authority in the BIC directory, and consist of eight (8) or eleven (11) contiguous characters.",,,,,,,,,,,,,
OBInternalFinancialInstitutionIdentification4Code,UK.OBIE.NCC.[ISO3166-aplha2-CountryCode],UK.OBIE.NCC.[ISO3166-aplha2-CountryCode],"Valid NCC (National Clearing Code) as an option for the accounts that don't have an IBAN, registered in the country identified by the 2 letter ISO-3166 Country code. For example, transfer to India may have Scheme Name as UK.OBIE.NCC.IN and Identification can be the IFSC code of the bank/branch in India.",,,,,,,,,,,,,
OBInternalStatementAmountType1Code,UK.OBIE.ArrearsClosingBalance,UK.OBIE.ArrearsClosingBalance,The balance that is in arrears at the end of the statement period.,,,,,,,,,,,,,
OBInternalStatementAmountType1Code,UK.OBIE.AvailableBalance,UK.OBIE.AvailableBalance,The available balance is the difference between the credit limit and the account balance – how much is available to spend.,,,,,,,,,,,,,
OBInternalStatementAmountType1Code,UK.OBIE.AverageBalanceWhenInCredit,UK.OBIE.AverageBalanceWhenInCredit,The average daily balance when the account is in credit during the statement period.,,,,,,,,,,,,,
OBInternalStatementAmountType1Code,UK.OBIE.AverageBalanceWhenInDebit,UK.OBIE.AverageBalanceWhenInDebit,The average daily balance when the account is in debit during the statement period.,,,,,,,,,,,,,
OBInternalStatementAmountType1Code,UK.OBIE.AverageDailyBalance,UK.OBIE.AverageDailyBalance,The average daily balance during the statement period. An average daily balance adds the closing balances at the end of each day in a given period of time and divides the sum by the number of calendar days in that period.,,,,,,,,,,,,,
OBInternalStatementAmountType1Code,UK.OBIE.BalanceTransferClosingBalance,UK.OBIE.BalanceTransferClosingBalance,The component of balance that relates to balance transfers at the end of the statement period.,,,,,,,,,,,,,
OBInternalStatementAmountType1Code,UK.OBIE.CashClosingBalance,UK.OBIE.CashClosingBalance,The component of balance that relates to cash at the end of the statement period.,,,,,,,,,,,,,
OBInternalStatementAmountType1Code,UK.OBIE.ClosingBalance,UK.OBIE.ClosingBalance,The ending balance or closing balance at the end of the current statement period.,,,,,,,,,,,,,
OBInternalStatementAmountType1Code,UK.OBIE.CreditLimit,UK.OBIE.CreditLimit,"The credit limit is the total amount of credit available to a borrower, including any amount already borrowed.",,,,,,,,,,,,,
OBInternalStatementAmountType1Code,UK.OBIE.CurrentPayment,UK.OBIE.CurrentPayment,The total payments received since the last period.,,,,,,,,,,,,,
OBInternalStatementAmountType1Code,UK.OBIE.DirectDebitPaymentDue,UK.OBIE.DirectDebitPaymentDue,The total direct debit payments due for current statement period.,,,,,,,,,,,,,
OBInternalStatementAmountType1Code,UK.OBIE.FSCSInsurance,UK.OBIE.FSCSInsurance,The amount under which the FSCS scheme will protect consumers when authorised financial services firms fail.,,,,,,,,,,,,,
OBInternalStatementAmountType1Code,UK.OBIE.MinimumPaymentDue,UK.OBIE.MinimumPaymentDue,The minimum payment required for the current statement period.,,,,,,,,,,,,,
OBInternalStatementAmountType1Code,UK.OBIE.PendingTransactionsBalance,UK.OBIE.PendingTransactionsBalance,The total pending transactions balance at the end of the statement period.,,,,,,,,,,,,,
OBInternalStatementAmountType1Code,UK.OBIE.PreviousClosingBalance,UK.OBIE.PreviousClosingBalance,The closing balance of the previous statement.,,,,,,,,,,,,,
OBInternalStatementAmountType1Code,UK.OBIE.PreviousPayment,UK.OBIE.PreviousPayment,The previous payment amount in the last statement period.,,,,,,,,,,,,,
OBInternalStatementAmountType1Code,UK.OBIE.PurchaseClosingBalance,UK.OBIE.PurchaseClosingBalance,The component of balance that relates to purchases at the end of the statement period.,,,,,,,,,,,,,
OBInternalStatementAmountType1Code,UK.OBIE.StartingBalance,UK.OBIE.StartingBalance,The new balance or starting balance carried forward since last statement period.,,,,,,,,,,,,,
OBInternalStatementAmountType1Code,UK.OBIE.TotalAdjustments,UK.OBIE.TotalAdjustments,Total adjustments to the account during the statement period.,,,,,,,,,,,,,
OBInternalStatementAmountType1Code,UK.OBIE.TotalCashAdvances,UK.OBIE.TotalCashAdvances,A cash advance is a short-term loan from a bank or alternative lender. The term also refers to a service provided by many credit card issuers allowing cardholders to withdraw a certain amount of cash.,,,,,,,,,,,,,
OBInternalStatementAmountType1Code,UK.OBIE.TotalCharges,UK.OBIE.TotalCharges,"The total charges including interest, late payment fee during the statement period.",,,,,,,,,,,,,
OBInternalStatementAmountType1Code,UK.OBIE.TotalCredits,UK.OBIE.TotalCredits,Total amount credited in the account during the statement period.,,,,,,,,,,,,,
OBInternalStatementAmountType1Code,UK.OBIE.TotalDebits,UK.OBIE.TotalDebits,Total amount debited (money taken out from account) from the account during the statement period.,,,,,,,,,,,,,
OBInternalStatementAmountType1Code,UK.OBIE.TotalPurchases,UK.OBIE.TotalPurchases,The total transactions made during that statement period.,,,,,,,,,,,,,
OBInternalStatementBenefitType1Code,UK.OBIE.Cashback,UK.OBIE.Cashback,Cash back amount received during the statement period.,,,,,,,,,,,,,
OBInternalStatementBenefitType1Code,UK.OBIE.Insurance,UK.OBIE.Insurance,Insurance amount during the statement period.,,,,,,,,,,,,,
OBInternalStatementBenefitType1Code,UK.OBIE.TravelDiscount,UK.OBIE.TravelDiscount,Travel discount amount received during the statement period.,,,,,,,,,,,,,
OBInternalStatementBenefitType1Code,UK.OBIE.TravelInsurance,UK.OBIE.TravelInsurance,Travel insurance amount during the statement period.,,,,,,,,,,,,,
OBInternalStatementDateTimeType1Code,UK.OBIE.BalanceTransferPromoEnd,UK.OBIE.BalanceTransferPromoEnd,The date the balance transfer promo rate will end.,,,,,,,,,,,,,
OBInternalStatementDateTimeType1Code,UK.OBIE.DirectDebitDue,UK.OBIE.DirectDebitDue,The date that the direct debit payment is due for the current statement.,,,,,,,,,,,,,
OBInternalStatementDateTimeType1Code,UK.OBIE.LastPayment,UK.OBIE.LastPayment,The date that an account holder must make the payment for the previous statement period.,,,,,,,,,,,,,
OBInternalStatementDateTimeType1Code,UK.OBIE.LastStatement,UK.OBIE.LastStatement,The date on which the last statement was made available to account holder.,,,,,,,,,,,,,
OBInternalStatementDateTimeType1Code,UK.OBIE.NextStatement,UK.OBIE.NextStatement,The date on which the next statement will be made available to account holder.,,,,,,,,,,,,,
OBInternalStatementDateTimeType1Code,UK.OBIE.PaymentDue,UK.OBIE.PaymentDue,The date that an account holder must make the payment for the current statement period.,,,,,,,,,,,,,
OBInternalStatementDateTimeType1Code,UK.OBIE.PurchasePromoEnd,UK.OBIE.PurchasePromoEnd,The date the purchase promo rate will end.,,,,,,,,,,,,,
OBInternalStatementDateTimeType1Code,UK.OBIE.StatementAvailable,UK.OBIE.StatementAvailable,The date on which the current statement was made available to account holder.,,,,,,,,,,,,,
OBInternalStatementFeeType1Code,UK.OBIE.Annual,UK.OBIE.Annual,Annual fees charged during the statement period.,,,,,,,,,,,,,
OBInternalStatementFeeType1Code,UK.OBIE.BalanceTransfer,UK.OBIE.BalanceTransfer,Balance transfer fees charged during the statement period.,,,,,,,,,,,,,
OBInternalStatementFeeType1Code,UK.OBIE.CashAdvance,UK.OBIE.CashAdvance,Cash advance fees charged during the statement period.,,,,,,,,,,,,,
OBInternalStatementFeeType1Code,UK.OBIE.CashTransaction,UK.OBIE.CashTransaction,Cash transaction fees charged during the statement period.,,,,,,,,,,,,,
OBInternalStatementFeeType1Code,UK.OBIE.ForeignCashTransaction,UK.OBIE.ForeignCashTransaction,Foreign cash transaction fees charged during the statement period.,,,,,,,,,,,,,
OBInternalStatementFeeType1Code,UK.OBIE.ForeignTransaction,UK.OBIE.ForeignTransaction,Foreign transaction fees charged during the statement period.,,,,,,,,,,,,,
OBInternalStatementFeeType1Code,UK.OBIE.Gambling,UK.OBIE.Gambling,Gambling transaction fees charged during the statement period.,,,,,,,,,,,,,
OBInternalStatementFeeType1Code,UK.OBIE.LatePayment,UK.OBIE.LatePayment,Late payment fees charged during the statement period.,,,,,,,,,,,,,
OBInternalStatementFeeType1Code,UK.OBIE.MoneyTransfer,UK.OBIE.MoneyTransfer,Money transfer fees charged during the statement period.,,,,,,,,,,,,,
OBInternalStatementFeeType1Code,UK.OBIE.Monthly,UK.OBIE.Monthly,Monthly account fees charged during the statement period.,,,,,,,,,,,,,
OBInternalStatementFeeType1Code,UK.OBIE.Overlimit,UK.OBIE.Overlimit,Over limit fees charged during the statement period.,,,,,,,,,,,,,
OBInternalStatementFeeType1Code,UK.OBIE.PostalOrder,UK.OBIE.PostalOrder,Postal order fees charged during the statement period.,,,,,,,,,,,,,
OBInternalStatementFeeType1Code,UK.OBIE.PrizeEntry,UK.OBIE.PrizeEntry,Prize entry fees charged during the statement period.,,,,,,,,,,,,,
OBInternalStatementFeeType1Code,UK.OBIE.StatementCopy,UK.OBIE.StatementCopy,Statement copy fees charged during the statement period.,,,,,,,,,,,,,
OBInternalStatementFeeType1Code,UK.OBIE.Total,UK.OBIE.Total,Total fees charges during the statement period.,,,,,,,,,,,,,
OBInternalStatementInterestType1Code,UK.OBIE.BalanceTransfer,UK.OBIE.BalanceTransfer,Interest on balance transfers.,,,,,,,,,,,,,
OBInternalStatementInterestType1Code,UK.OBIE.Cash,UK.OBIE.Cash,Interest on cash advances.,,,,,,,,,,,,,
OBInternalStatementInterestType1Code,UK.OBIE.EstimatedNext,UK.OBIE.EstimatedNext,The estimated interest that will be charged if the closing balance is not paid in full.,,,,,,,,,,,,,
OBInternalStatementInterestType1Code,UK.OBIE.Purchase,UK.OBIE.Purchase,Interest on purchases.,,,,,,,,,,,,,
OBInternalStatementInterestType1Code,UK.OBIE.Total,UK.OBIE.Total,Total interest charges during the statement period.,,,,,,,,,,,,,
OBInternalStatementRateType1Code,UK.OBIE.AnnualBalanceTransfer,UK.OBIE.AnnualBalanceTransfer,Annual interest rate charged on balance transfer from other service provider.,,,,,,,,,,,,,
OBInternalStatementRateType1Code,UK.OBIE.AnnualBalanceTransferAfterPromo,UK.OBIE.AnnualBalanceTransferAfterPromo,Annual interest rate charged on balance transfer from other service provider after promotional period.,,,,,,,,,,,,,
OBInternalStatementRateType1Code,UK.OBIE.AnnualBalanceTransferPromo,UK.OBIE.AnnualBalanceTransferPromo,Annual interest rate charged on balance transfer from other service provider during promotional period.,,,,,,,,,,,,,
OBInternalStatementRateType1Code,UK.OBIE.AnnualCash,UK.OBIE.AnnualCash,Annual interest rate charged on cash advance.,,,,,,,,,,,,,
OBInternalStatementRateType1Code,UK.OBIE.AnnualPurchase,UK.OBIE.AnnualPurchase,Annual interest rate charged on purchases.,,,,,,,,,,,,,
OBInternalStatementRateType1Code,UK.OBIE.AnnualPurchaseAfterPromo,UK.OBIE.AnnualPurchaseAfterPromo,Annual interest rate charged on purchases from after promotional period.,,,,,,,,,,,,,
OBInternalStatementRateType1Code,UK.OBIE.AnnualPurchasePromo,UK.OBIE.AnnualPurchasePromo,Annual interest rate charged on purchases from during promotional period.,,,,,,,,,,,,,
OBInternalStatementRateType1Code,UK.OBIE.MonthlyBalanceTransfer,UK.OBIE.MonthlyBalanceTransfer,Monthly interest rate charged on balance transfer from other service provider.,,,,,,,,,,,,,
OBInternalStatementRateType1Code,UK.OBIE.MonthlyCash,UK.OBIE.MonthlyCash,Monthly interest rate charged on cash advance.,,,,,,,,,,,,,
OBInternalStatementRateType1Code,UK.OBIE.MonthlyPurchase,UK.OBIE.MonthlyPurchase,Monthly interest rate charged on purchases.,,,,,,,,,,,,,
OBInternalStatementValueType1Code,UK.OBIE.AirMilesPoints,UK.OBIE.AirMilesPoints,Air miles points at the end of the statement period.,,,,,,,,,,,,,
OBInternalStatementValueType1Code,UK.OBIE.AirMilesPointsBalance,UK.OBIE.AirMilesPointsBalance,Air miles points at the end of the statement period.,,,,,,,,,,,,,
OBInternalStatementValueType1Code,UK.OBIE.Credits,UK.OBIE.Credits,Total number of credits in statement period.,,,,,,,,,,,,,
OBInternalStatementValueType1Code,UK.OBIE.Debits,UK.OBIE.Debits,Total number of debits in statement period.,,,,,,,,,,,,,
OBInternalStatementValueType1Code,UK.OBIE.HotelPoints,UK.OBIE.HotelPoints,Hotel points at the end of the statement period.,,,,,,,,,,,,,
OBInternalStatementValueType1Code,UK.OBIE.HotelPointsBalance,UK.OBIE.HotelPointsBalance,Hotel points at the end of the statement period.,,,,,,,,,,,,,
OBInternalStatementValueType1Code,UK.OBIE.RetailShoppingPoints,UK.OBIE.RetailShoppingPoints,Retail shopping points at the end of the statement period.,,,,,,,,,,,,,
OBInternalStatementValueType1Code,UK.OBIE.RetailShoppingPointsBalance,UK.OBIE.RetailShoppingPointsBalance,Retail shopping points at the end of the statement period.,,,,,,,,,,,,,
OBInternalStatementFeeRateType1Code,UK.OBIE.AER,UK.OBIE.AER,"The annual equivalent rate (AER) is interest that is calculated under the assumption that any interest paid is combined with the original balance and the next interest payment will be based on the slightly higher account balance. Overall, this means that interest can be compounded several times in a year depending on the number of times that interest payments are made.",,,,,,,,,,,,,
OBInternalStatementFeeRateType1Code,UK.OBIE.EAR,UK.OBIE.EAR,"EAR means Effective Annual Rate and/or Equivalent Annual Rate (frequently used interchangeably), being the actual annual interest rate of an Overdraft.",,,,,,,,,,,,,
OBInternalStatementFeeFrequency1Code,UK.OBIE.ChargingPeriod,UK.OBIE.ChargingPeriod,This fee is triggered at the end of each charging period.,,,,,,,,,,,,,
OBInternalStatementFeeFrequency1Code,UK.OBIE.PerTransactionAmount,UK.OBIE.PerTransactionAmount,The amount stated is levied for each transaction processed.,,,,,,,,,,,,,
OBInternalStatementFeeFrequency1Code,UK.OBIE.PerTransactionPercentage,UK.OBIE.PerTransactionPercentage,The fee amount is the given percentage of the transaction processed and is levied for each transaction.,,,,,,,,,,,,,
OBInternalStatementFeeFrequency1Code,UK.OBIE.StatementMonthly,UK.OBIE.StatementMonthly,This fee is triggered based on a monthly statement period.,,,,,,,,,,,,,
OBInternalStatementFeeFrequency1Code,UK.OBIE.Quarterly,UK.OBIE.Quarterly,This fee is triggered at the end of every quarter.,,,,,,,,,,,,,
OBInternalStatementFeeFrequency1Code,UK.OBIE.Weekly,UK.OBIE.Weekly,The fee is triggered weekly.,,,,,,,,,,,,,
OBInternalStatementInterestRateType1Code,UK.OBIE.BOEBaseRate,UK.OBIE.BOEBaseRate,"Interest rate shown is linked to the Bank of England Base Rate shown at http://www.bankofengland.co.uk/Pages/home.aspx. Typically defined as a % above the 'Current Bank Rate', but may also be below or equal to bank rate for certain Loan products.",,,,,,,,,,,,,
OBInternalStatementInterestRateType1Code,UK.OBIE.FixedRate,UK.OBIE.FixedRate,Fixed rate.,,,,,,,,,,,,,
OBInternalStatementInterestRateType1Code,UK.OBIE.Gross,UK.OBIE.Gross,Interest rate shown is before any tax deducted.,,,,,,,,,,,,,
OBInternalStatementInterestRateType1Code,UK.OBIE.LoanProviderBaseRate,UK.OBIE.LoanProviderBaseRate,Loan provider base rate.,,,,,,,,,,,,,
OBInternalStatementInterestRateType1Code,UK.OBIE.Net,UK.OBIE.Net,Interest rate shown is after tax is deducted.,,,,,,,,,,,,,
OBInternalStatementInterestFrequency1Code,UK.OBIE.Daily,UK.OBIE.Daily,Calculated and/or applied daily.,,,,,,,,,,,,,
OBInternalStatementInterestFrequency1Code,UK.OBIE.HalfYearly,UK.OBIE.HalfYearly,Calculated and/or applied half yearly.,,,,,,,,,,,,,
OBInternalStatementInterestFrequency1Code,UK.OBIE.Monthly,UK.OBIE.Monthly,Calculated and/or applied monthly.,,,,,,,,,,,,,
OBInternalStatementInterestFrequency1Code,UK.OBIE.PerStatementDate,UK.OBIE.PerStatementDate,Calculated and/or applied on the statement date.,,,,,,,,,,,,,
OBInternalStatementInterestFrequency1Code,UK.OBIE.Quarterly,UK.OBIE.Quarterly,This fee is triggered at the end of every quarter.,,,,,,,,,,,,,
OBInternalStatementInterestFrequency1Code,UK.OBIE.Weekly,UK.OBIE.Weekly,The fee is triggered weekly.,,,,,,,,,,,,,
OBInternalStatementInterestFrequency1Code,UK.OBIE.Yearly,UK.OBIE.Yearly,Calculated and/or applied annually.,,,,,,,,,,,,,
OBInternalLegalStructureType1Code,UK.OBIE.Individual,UK.OBIE.Individual,Individual,,,,,,,,,,,,,
OBInternalLegalStructureType1Code,UK.OBIE.CIC,UK.OBIE.CIC,Community Interest Company,,,,,,,,,,,,,
OBInternalLegalStructureType1Code,UK.OBIE.CIO,UK.OBIE.CIO,Charitable Incorporated Organisation,,,,,,,,,,,,,
OBInternalLegalStructureType1Code,UK.OBIE.CoOp,UK.OBIE.CoOp,Co-operative,,,,,,,,,,,,,
OBInternalLegalStructureType1Code,UK.OBIE.Charity,UK.OBIE.Charity,Charity,,,,,,,,,,,,,
OBInternalLegalStructureType1Code,UK.OBIE.GeneralPartnership,UK.OBIE.GeneralPartnership,General Partnership,,,,,,,,,,,,,
OBInternalLegalStructureType1Code,UK.OBIE.LimitedLiabilityPartnership,UK.OBIE.LimitedLiabilityPartnership,Limited Liability Partnership,,,,,,,,,,,,,
OBInternalLegalStructureType1Code,UK.OBIE.ScottishLimitedPartnership,UK.OBIE.ScottishLimitedPartnership,Scottish Limited Partnership,,,,,,,,,,,,,
OBInternalLegalStructureType1Code,UK.OBIE.LimitedPartnership,UK.OBIE.LimitedPartnership,Limited Partnership,,,,,,,,,,,,,
OBInternalLegalStructureType1Code,UK.OBIE.PrivateLimitedCompany,UK.OBIE.PrivateLimitedCompany,Private Limited Company,,,,,,,,,,,,,
OBInternalLegalStructureType1Code,UK.OBIE.PublicLimitedCompany,UK.OBIE.PublicLimitedCompany,Public Limited Company,,,,,,,,,,,,,
OBInternalLegalStructureType1Code,UK.OBIE.Sole,UK.OBIE.Sole,Sole (sole trader),,,,,,,,,,,,,
OBInternalAccountRole1Code,UK.OBIE.Principal,UK.OBIE.Principal,Principal,,,,,,,,,,,,,
OBInternalAccountRole1Code,UK.OBIE.SecondaryOwner,UK.OBIE.SecondaryOwner,Secondary owner,,,,,,,,,,,,,
OBInternalAccountRole1Code,UK.OBIE.Beneficiary,UK.OBIE.Beneficiary,Beneficiary,,,,,,,,,,,,,
OBInternalAccountRole1Code,UK.OBIE.PowerOfAttorney,UK.OBIE.PowerOfAttorney,Power of attorney,,,,,,,,,,,,,
OBInternalAccountRole1Code,UK.OBIE.LegalGuardian,UK.OBIE.LegalGuardian,Legal guardian,,,,,,,,,,,,,
OBInternalAccountRole1Code,UK.OBIE.CustodianForMinor,UK.OBIE.CustodianForMinor,Custodian for minor,,,,,,,,,,,,,
OBInternalAccountRole1Code,UK.OBIE.SuccessorOnDeath,UK.OBIE.SuccessorOnDeath,Successor on death,,,,,,,,,,,,,
OBInternalAccountRole1Code,UK.OBIE.Administrator,UK.OBIE.Administrator,Administrator,,,,,,,,,,,,,
OBInternalAccountRole1Code,UK.OBIE.OtherParty,UK.OBIE.OtherParty,Other party,,,,,,,,,,,,,
OBInternalAccountRole1Code,UK.OBIE.Granter,UK.OBIE.Granter,Granter,,,,,,,,,,,,,
OBInternalAccountRole1Code,UK.OBIE.Settlor,UK.OBIE.Settlor,Settlor,,,,,,,,,,,,,
OBInternalAccountRole1Code,UK.OBIE.SeniorManagingOfficial,UK.OBIE.SeniorManagingOfficial,Senior managing official,,,,,,,,,,,,,
OBInternalAccountRole1Code,UK.OBIE.Protector,UK.OBIE.Protector,Protector,,,,,,,,,,,,,
OBInternalAccountRole1Code,UK.OBIE.RegisteredShareholderName,UK.OBIE.RegisteredShareholderName,Registered shareholder name,,,,,,,,,,,,,
OBInternalSwitchStatusCode,UK.CASS.NotSwitched,UK.CASS.NotSwitched,Indicator to show that the account has not been switched to another ASPSP,,,,,,,,,,,,,
OBInternalSwitchStatusCode,UK.CASS.SwitchCompleted,UK.CASS.SwitchCompleted,Indicator to show that the account has been switched and the switching process is complete,,,,,,,,,,,,,
OBInternalLocalInstrument1Code,UK.OBIE.BACS,UK.OBIE.BACS,Back Payment Scheme,,,,,,,,,,,,,
OBInternalLocalInstrument1Code,UK.OBIE.CHAPS,UK.OBIE.CHAPS,CHAPS Payment Scheme,,,,,,,,,,,,,
OBInternalLocalInstrument1Code,UK.OBIE.FPS,UK.OBIE.FPS,Faster Payment Scheme,,,,,,,,,,,,,
OBInternalLocalInstrument1Code,UK.OBIE.SWIFT,UK.OBIE.SWIFT,Swift Payment Service,,,,,,,,,,,,,
OBInternalLocalInstrument1Code,UK.OBIE.BalanceTransfer,UK.OBIE.BalanceTransfer,To indicate Balance Transfer,,,,,,,,,,,,,
OBInternalLocalInstrument1Code,UK.OBIE.MoneyTransfer,UK.OBIE.MoneyTransfer,To Indicate Money Transfer,,,,,,,,,,,,,
OBInternalLocalInstrument1Code,UK.OBIE.Paym,UK.OBIE.Paym,Paym Payment,,,,,,,,,,,,,
OBInternalLocalInstrument1Code,UK.OBIE.Euro1,UK.OBIE.Euro1,To use Euro1 Payment System,,,,,,,,,,,,,
OBInternalLocalInstrument1Code,UK.OBIE.SEPACreditTransfer,UK.OBIE.SEPACreditTransfer,To indicate SEPA Credit Transfer payment service,,,,,,,,,,,,,
OBInternalLocalInstrument1Code,UK.OBIE.SEPAInstantCreditTransfer,UK.OBIE.SEPAInstantCreditTransfer,To indicate SEPA Instant Credit Transfer payment service,,,,,,,,,,,,,
OBInternalLocalInstrument1Code,UK.OBIE.Link,UK.OBIE.Link,To indicate Link payment service,,,,,,,,,,,,,
OBInternalLocalInstrument1Code,UK.OBIE.Target2,UK.OBIE.Target2,To indicate Target2 payment service,,,,,,,,,,,,,
OBInternalPaymentChargeType1Code,UK.OBIE.CHAPSOut,UK.OBIE.CHAPSOut,CHAPS Payment Service fee,,,,,,,,,,,,,
OBInternalPaymentChargeType1Code,UK.OBIE.BalanceTransferOut,UK.OBIE.BalanceTransferOut,Balance Transfer Service fee,,,,,,,,,,,,,
OBInternalPaymentChargeType1Code,UK.OBIE.MoneyTransferOut,UK.OBIE.MoneyTransferOut,Money Transfer Service fee,,,,,,,,,,,,,
OBExternalFileType1Code,UK.OBIE.pain.001.001.08,UK.OBIE.pain.001.001.08,This is specified when a fully compliant pain.001 XML file is staged for the payment initiation.,,,,,,,,,,,,,
OBExternalFileType1Code,UK.OBIE.PaymentInitiation.4.0,UK.OBIE.PaymentInitiation.4.0,"This is specified when an array of payments, which are compliant with the OBL Initiation objects in the v4.0 standard, are staged in a .json file for the payment initiation.",,,,,,,,,,,,,
OBEventType1Code,UK.OBIE.Resource-Update,UK.OBIE.Resource-Update,An event that indicates a resource has been updated.,,,,,,,,,,,,,
OBEventType1Code,UK.OBIE.Consent-Authorization-Revoked,UK.OBIE.Consent-Authorization-Revoked,An event that indicates a consent resource has had its authorisation revoked. (left for backward compatibility),,,,,,,,,,,,,
OBEventType1Code,UK.OBIE.Consent-Access-Revoked,UK.OBIE.Consent-Access-Revoked,An event that indicates a consent has its underlying access revoked. The consent itself remains in authorised state.,,,,,,,,,,,,,
OBEventType1Code,UK.OBIE.Account-Access-Consent-Linked-Account-Update,UK.OBIE.Account-Access-Consent-Linked-Account-Update,An event that indicates an account linked to a consent has move in/out of scope of the consent.,,,,,,,,,,,,,
OBExternalEventAccountAccessConsentLinkedAccountUpdateReason1Code,UK.OBIE.AccountClosure,UK.OBIE.AccountClosure,An account is no longer associated with the consent as it has been closed.,,,,,,,,,,,,,
OBExternalEventAccountAccessConsentLinkedAccountUpdateReason1Code,UK.OBIE.CASS,UK.OBIE.CASS,An account is no longer associated with the consent as it has been switched (using the Current Account Switch Service) to another ASPSP.,,,,,,,,,,,,,
OBVRPConsentType,UK.OBIE.VRPType.Sweeping,UK.OBIE.VRPType.Sweeping,Limited to sweeping payments as per definition of sweeping in proposition paper,,,,,,,,,,,,,
OBVRPConsentType,UK.OBIE.VRPType.Other,UK.OBIE.VRPType.Other,Variable recurring payment that does not meet definition of sweeping,,,,,,,,,,,,,
OBVRPAuthenticationMethods,UK.OBIE.SCA,UK.OBIE.SCA,Authentication method where the consent is authorised through SCA.,,,,,,,,,,,,,
OBVRPAuthenticationMethods,UK.OBIE.SCANotRequired,UK.OBIE.SCANotRequired,This indicates that the PSU does not need to authenticate for individual payments and the payments can be made without the PSU being present.,,,,,,,,,,,,,
OBVRPInteractionTypes,"InSession	",InSession,Indicates the customer is present for interaction type.,,,,,,,,,,,,,
OBVRPInteractionTypes,"OffSession	","OffSession	",Indicates the customer is not present for interaction type.,,,,,,,,,,,,,
OBInternalPermissions1Code,ReadAccountsBasic,ReadAccountsBasic,Ability to read basic account information,,,,,,,,,,,,,
OBInternalPermissions1Code,ReadAccountsDetail,ReadAccountsDetail,"Ability to read account identification details
Business Logic: Access to additional elements in the payload	",,,,,,,,,,,,,
OBInternalPermissions1Code,ReadBalances,ReadBalances,Ability to read all balance information,,,,,,,,,,,,,
OBInternalPermissions1Code,ReadBeneficiariesBasic,ReadBeneficiariesBasic,Ability to read basic beneficiary details,,,,,,,,,,,,,
OBInternalPermissions1Code,ReadBeneficiariesDetail,ReadBeneficiariesDetail,"Ability to read account identification details for the beneficiary
Business Logic: Access to additional elements in the payload	",,,,,,,,,,,,,
OBInternalPermissions1Code,ReadDirectDebits,ReadDirectDebits,Ability to read all direct debit information,,,,,,,,,,,,,
OBInternalPermissions1Code,ReadOffers,ReadOffers,Ability to read all offer information,,,,,,,,,,,,,
OBInternalPermissions1Code,ReadPAN,ReadPAN,"Specifies the Open Banking account access data types. This is a list of the data clusters being consented by the PSU, and requested for authorisation with the ASPSP.	",,,,,,,,,,,,,
OBInternalPermissions1Code,ReadParty,ReadParty,Ability to read party information on the account owner.,,,,,,,,,,,,,
OBInternalPermissions1Code,ReadPartyPSU,ReadPartyPSU,Ability to read party information on the PSU logged in.,,,,,,,,,,,,,
OBInternalPermissions1Code,ReadProducts,ReadProducts,Ability to read all product information relating to the account,,,,,,,,,,,,,
OBInternalPermissions1Code,ReadScheduledPaymentsBasic,ReadScheduledPaymentsBasic,Ability to read basic information of scheduled payments,,,,,,,,,,,,,
OBInternalPermissions1Code,ReadScheduledPaymentsDetail,ReadScheduledPaymentsDetail,Ability to read full details of all information of scheduled payments in the payload.,,,,,,,,,,,,,
OBInternalPermissions1Code,ReadStandingOrdersBasic,ReadStandingOrdersBasic,Ability to read basic information of Standing orders,,,,,,,,,,,,,
OBInternalPermissions1Code,ReadStandingOrdersDetail,ReadStandingOrdersDetail,Ability to read all data elements in Standing orders in the payload.,,,,,,,,,,,,,
OBInternalPermissions1Code,ReadStatementsBasic,ReadStatementsBasic,Ability to read basic statement details,,,,,,,,,,,,,
OBInternalPermissions1Code,ReadStatementsDetail,ReadStatementsDetail,"Ability to read all data elements in the Statements.
Business Logic: Access to additional elements in the payload
Access to download the statement file (if the ASPSP makes this available).",,,,,,,,,,,,,
OBInternalPermissions1Code,ReadTransactionsBasic,ReadTransactionsBasic,"Ability to read basic transaction information
Business Logic :Permissions must also include at least one of:
ReadTransactionsCredits
ReadTransactionsDebits",,,,,,,,,,,,,
OBInternalPermissions1Code,ReadTransactionsCredits,ReadTransactionsCredits,"Ability to read only credit transactions
Business Logic: Access to credit transactions.
Permissions must also include one of:
ReadTransactionsBasic
ReadTransactionsDetail",,,,,,,,,,,,,
OBInternalPermissions1Code,ReadTransactionsDebits,ReadTransactionsDebits,"Ability to read only debit transactions
Business Logic: Access to debit transactions.
Permissions must also include one of:
ReadTransactionsBasic
ReadTransactionsDetail",,,,,,,,,,,,,
OBInternalPermissions1Code,ReadTransactionsDetail,ReadTransactionsDetail,"Ability to read transaction data elements which may hold silent party details
Business Logic: Access to additional elements in the payload
Permissions must also include at least one of:
ReadTransactionsCredits
ReadTransactionsDebit",,,,,,,,,,,,,
OBInternalAccountStatus1Code,"Enabled 	","Enabled 	",Account can be used for its intended purpose.,,,,,,,,,,,,,
OBInternalAccountStatus1Code,Disabled,Disabled,"Account cannot be used for its intended purpose, either temporarily or permanently.",,,,,,,,,,,,,
OBInternalAccountStatus1Code,Deleted,Deleted,Account cannot be used any longer.,,,,,,,,,,,,,
OBInternalAccountStatus1Code,Proforma,Proforma,Account is temporary and can be partially used for its intended purpose. The account will be fully available for use when the account servicer has received all relevant documents.,,,,,,,,,,,,,
OBInternalAccountStatus1Code,Pending,Pending,Account change is pending approval.,,,,,,,,,,,,,
OBInternalCreditDebitCode,Credit,Credit,Operation is a credit,,,,,,,,,,,,,
OBInternalCreditDebitCode,Debit,Debit,Operation is a debit,,,,,,,,,,,,,
OBInternalLimitType1Code,Available,"Available 	",The amount of credit limit available to the account holder,,,,,,,,,,,,,
OBInternalLimitType1Code,Credit,Credit,The amount of a credit limit that has been agreed with the account holder,,,,,,,,,,,,,
OBInternalLimitType1Code,Emergency,Emergency,"The amount of an arranged lending limit that can be borrowed on top of pre-agreed lending, that has been agreed with the account holder",,,,,,,,,,,,,
OBInternalLimitType1Code,Pre-Agreed,Pre-Agreed,The amount of an arranged lending limit that has been agreed with the account holder,,,,,,,,,,,,,
OBInternalLimitType1Code,Temporary,Temporary,The amount of a temporary lending limit that has been agreed with the account holder,,,,,,,,,,,,,
OBInternalTransactionMutability1Code,Mutable,Mutable,"Specifies the Mutability of the Transaction record.	",,,,,,,,,,,,,
OBInternalTransactionMutability1Code,Immutable,Immutable,"Specifies the Mutability of the Transaction record.	",,,,,,,,,,,,,
OBInternalCardSchemeType1Code,AmericanExpress,AmericanExpress,AmericanExpress scheme.,,,,,,,,,,,,,
OBInternalCardSchemeType1Code,Diners,Diners,Diners scheme.,,,,,,,,,,,,,
OBInternalCardSchemeType1Code,Discover,Discover,Discover scheme.,,,,,,,,,,,,,
OBInternalCardSchemeType1Code,MasterCard,MasterCard,MasterCard scheme.,,,,,,,,,,,,,
OBInternalCardSchemeType1Code,VISA,VISA,VISA scheme.,,,,,,,,,,,,,
OBInternalCardAuthorisationType1Code,ConsumerDevice,ConsumerDevice,Card authorisation was via a Consumer Device Cardholder Verification Method (CDCVM).,,,,,,,,,,,,,
OBInternalCardAuthorisationType1Code,Contactless,Contactless,Card authorisation was via Contactless.,,,,,,,,,,,,,
OBInternalCardAuthorisationType1Code,None,None,No card authorisation was used.,,,,,,,,,,,,,
OBInternalCardAuthorisationType1Code,PIN,PIN,Card authorisation was via PIN.,,,,,,,,,,,,,
OBInternalBeneficiaryType1Code,Trusted,Trusted,"Specifies the Beneficiary Type.	",,,,,,,,,,,,,
OBInternalBeneficiaryType1Code,Ordinary,Ordinary,"Specifies the Beneficiary Type.	",,,,,,,,,,,,,
OBInternalCardSchemeType1Code,BusinessCurrentAccount,BusinessCurrentAccount,"Descriptive code for the product category. If ProductType - ""Other"" is chosen, the object OtherProductType must be populated with name, and description.",,,,,,,,,,,,,
OBInternalProductType1Code,CommercialCreditCard,CommercialCreditCard,"Descriptive code for the product category. If ProductType - ""Other"" is chosen, the object OtherProductType must be populated with name, and description.",,,,,,,,,,,,,
OBInternalProductType1Code,Other,Other,"Descriptive code for the product category. If ProductType - ""Other"" is chosen, the object OtherProductType must be populated with name, and description.",,,,,,,,,,,,,
OBInternalProductType1Code,PersonalCurrentAccount,PersonalCurrentAccount,"Descriptive code for the product category. If ProductType - ""Other"" is chosen, the object OtherProductType must be populated with name, and description.",,,,,,,,,,,,,
OBInternalProductType1Code,SMELoan,SMELoan,"Descriptive code for the product category. If ProductType - ""Other"" is chosen, the object OtherProductType must be populated with name, and description.",,,,,,,,,,,,,
OBInternalProductType1Code,BusinessCurrentAccount,BusinessCurrentAccount,"Descriptive code for the product category. If ProductType - ""Other"" is chosen, the object OtherProductType must be populated with name, and description.",,,,,,,,,,,,,
OBInternalPartyType1Code,Delegate,Delegate,Party that has delegated access.,,,,,,,,,,,,,
OBInternalPartyType1Code,Joint,Joint,Party is a joint owner of the account.,,,,,,,,,,,,,
OBInternalPartyType1Code,Sole,Sole,Party is a sole owner of the account.,,,,,,,,,,,,,
OBInternalScheduleType1Code,Arrival,Arrival,Scheduled payment date is specified as the arrival date for the recipient.,,,,,,,,,,,,,
OBInternalScheduleType1Code,Execution,Execution,Scheduled payment date is specified as the execution date.,,,,,,,,,,,,,
OBInternalStatementType1Code,AccountClosure,AccountClosure,Final account closure statement.,,,,,,,,,,,,,
OBInternalStatementType1Code,AccountOpening,AccountOpening,First statement provided for an account.,,,,,,,,,,,,,
OBInternalStatementType1Code,Annual ,Annual ,Annual statement report.,,,,,,,,,,,,,
OBInternalStatementType1Code,Interim,Interim,Adhoc or customised statement period.,,,,,,,,,,,,,
OBInternalStatementType1Code,RegularPeriodic,RegularPeriodic,Regular pre-agreed reporting statement.,,,,,,,,,,,,,
OBInternalExtendedAccountType1Code,Personal,Personal,"To be provided if the AccountType is known.	",,,,,,,,,,,,,
OBInternalExtendedAccountType1Code,JointPersonal,JointPersonal,"To be provided if the AccountType is known.	",,,,,,,,,,,,,
OBInternalExtendedAccountType1Code,PersonalSavingsAccount,PersonalSavingsAccount,"To be provided if the AccountType is known.	",,,,,,,,,,,,,
OBInternalExtendedAccountType1Code,Business,Business,"To be provided if the AccountType is known.	",,,,,,,,,,,,,
OBInternalExtendedAccountType1Code,BusinessSavingsAccount,BusinessSavingsAccount,"To be provided if the AccountType is known.	",,,,,,,,,,,,,
OBInternalExtendedAccountType1Code,Charity,Charity,"To be provided if the AccountType is known.	",,,,,,,,,,,,,
OBInternalExtendedAccountType1Code,Collection,Collection,"To be provided if the AccountType is known.	",,,,,,,,,,,,,
OBInternalExtendedAccountType1Code,Corporate,Corporate,"To be provided if the AccountType is known.	",,,,,,,,,,,,,
OBInternalExtendedAccountType1Code,Government,Government,"To be provided if the AccountType is known.	",,,,,,,,,,,,,
OBInternalExtendedAccountType1Code,Ewallet,Ewallet,"To be provided if the AccountType is known.	",,,,,,,,,,,,,
OBInternalExtendedAccountType1Code,Investment,Investment,"To be provided if the AccountType is known.	",,,,,,,,,,,,,
OBInternalExtendedAccountType1Code,ISA,ISA,"To be provided if the AccountType is known.	",,,,,,,,,,,,,
OBInternalExtendedAccountType1Code,Premier,Premier,"To be provided if the AccountType is known.	",,,,,,,,,,,,,
OBInternalExtendedAccountType1Code,Wealth,Wealth,"To be provided if the AccountType is known.	",,,,,,,,,,,,,
OBInternalExtendedAccountType1Code,Pension,Pension,"To be provided if the AccountType is known.	",,,,,,,,,,,,,
OBInternalChargeBearerType1Code,BorneByCreditor,BorneByCreditor,Specifies which party/parties will bear the charges associated with the processing of the payment transaction.,,,,,,,,,,,,,
OBInternalChargeBearerType1Code,BorneByDebtor,BorneByDebtor,Specifies which party/parties will bear the charges associated with the processing of the payment transaction.,,,,,,,,,,,,,
OBInternalChargeBearerType1Code,FollowingServiceLevel,FollowingServiceLevel,Specifies which party/parties will bear the charges associated with the processing of the payment transaction.,,,,,,,,,,,,,
OBInternalChargeBearerType1Code,Shared,Shared,Specifies which party/parties will bear the charges associated with the processing of the payment transaction.,,,,,,,,,,,,,
OBInternalAuthorisation1Code,Any,Any,"Type of authorisation flow requested.	",,,,,,,,,,,,,
OBInternalAuthorisation1Code,Single,Single,"Type of authorisation flow requested.	",,,,,,,,,,,,,
OBInternalAppliedAuthenticationApproach1Code,CA,CA,"Specifies a character string with a maximum length of 40 characters.
Usage: This field indicates whether the PSU was subject to SCA performed by the TPP",,,,,,,,,,,,,
OBInternalAppliedAuthenticationApproach1Code,SCA,SCA,"Specifies a character string with a maximum length of 40 characters.
Usage: This field indicates whether the PSU was subject to SCA performed by the TPP",,,,,,,,,,,,,
OBInternalSCAExemptionType1Code,BillPayment,BillPayment,"This field allows a PISP to request specific SCA Exemption for a Payment Initiation	",,,,,,,,,,,,,
OBInternalSCAExemptionType1Code,ContactlessTravel,ContactlessTravel,"This field allows a PISP to request specific SCA Exemption for a Payment Initiation	",,,,,,,,,,,,,
OBInternalSCAExemptionType1Code,EcommerceGoods,EcommerceGoods,"This field allows a PISP to request specific SCA Exemption for a Payment Initiation	",,,,,,,,,,,,,
OBInternalSCAExemptionType1Code,EcommerceServices,EcommerceServices,"This field allows a PISP to request specific SCA Exemption for a Payment Initiation	",,,,,,,,,,,,,
OBInternalSCAExemptionType1Code,Kiosk,Kiosk,"This field allows a PISP to request specific SCA Exemption for a Payment Initiation	",,,,,,,,,,,,,
OBInternalSCAExemptionType1Code,Parking,Parking,"This field allows a PISP to request specific SCA Exemption for a Payment Initiation	",,,,,,,,,,,,,
OBInternalSCAExemptionType1Code,PartyToParty,PartyToParty,"This field allows a PISP to request specific SCA Exemption for a Payment Initiation	",,,,,,,,,,,,,
OBExternalMandateClassification1Code,FIXE,Fixed,Direct debit amount is fixed.,,,,,,,,,,,,,
OBExternalMandateClassification1Code,USGB,Usage Based,"Direct debit amount is based on usage.	",,,,,,,,,,,,,
OBExternalMandateClassification1Code,VARI,Variable,"Direct debit amount is variable.	",,,,,,,,,,,,,
OBExternalRegulatoryReportingType1Code,CRED,Credit,Regulatory information applies to the credit side.,,,,,,,,,,,,,
OBExternalRegulatoryReportingType1Code,DEBT,Debit,Regulatory information applies to the debit side.,,,,,,,,,,,,,
OBExternalRegulatoryReportingType1Code,BOTH,Both,Regulatory information applies to both credit and debit sides.,,,,,,,,,,,,,
OBInternalReadRefundAccount1Code,Yes,Yes,"Specifies to share the refund account details with PISP	",,,,,,,,,,,,,
OBInternalReadRefundAccount1Code,No,No,"Specifies to share the refund account details with PISP	",,,,,,,,,,,,,
OBInternalPermissions2Code,Create,Create,"Specifies the Open Banking service request types.	",,,,,,,,,,,,,
OBInternalExchangeRateType2Code,Actual ,Actual ,"Specifies the type used to complete the currency exchange.	",,,,,,,,,,,,,
OBInternalExchangeRateType2Code,Agreed,Agreed,"Specifies the type used to complete the currency exchange.	",,,,,,,,,,,,,
OBInternalExchangeRateType2Code,Indicative,Indicative,"Specifies the type used to complete the currency exchange.	",,,,,,,,,,,,,
OBInternalPriority2Code,Normal,Normal,"Indicator of the urgency or order of importance that the instructing party would like the instructed party to apply to the processing of the instruction.	",,,,,,,,,,,,,
OBInternalPriority2Code,Urgent,Urgent,"Indicator of the urgency or order of importance that the instructing party would like the instructed party to apply to the processing of the instruction.	",,,,,,,,,,,,,
,,,,,,,,,,,,,,,,
,,,,,,,,,,,,,,,,
,,,,,,,,,,,,,,,,
,,,,,,,,,,,,,,,,
,,,,,,,,,,,,,,,,
,,,,,,,,,,,,,,,,
,,,,,,,,,,,,,,,,
,,,,,,,,,,,,,,,,
,,,,,,,,,,,,,,,,
